0.2 2.0 0.0
0.10000000000000003 2.0 0.17320508075688773
-0.09999999999999996 2.0 0.17320508075688776
-0.2 2.0 2.4492935982947065e-17
-0.10000000000000009 2.0 -0.1732050807568877
0.10000000000000003 2.0 -0.17320508075688773
0.4 2.0 0.0
0.20000000000000007 2.0 0.34641016151377546
-0.19999999999999993 2.0 0.3464101615137755
-0.4 2.0 4.898587196589413e-17
-0.20000000000000018 2.0 -0.3464101615137754
0.20000000000000007 2.0 -0.34641016151377546
0.6000000000000001 2.0 0.0
0.3000000000000001 2.0 0.5196152422706632
-0.29999999999999993 2.0 0.5196152422706632
-0.6000000000000001 2.0 7.34788079488412e-17
-0.3000000000000003 2.0 -0.5196152422706631
0.3000000000000001 2.0 -0.5196152422706632
0.8 2.0 0.0
0.40000000000000013 2.0 0.6928203230275509
-0.39999999999999986 2.0 0.692820323027551
-0.8 2.0 9.797174393178826e-17
-0.40000000000000036 2.0 -0.6928203230275508
0.40000000000000013 2.0 -0.6928203230275509
1.0 2.0 0.0
0.5000000000000001 2.0 0.8660254037844386
-0.4999999999999998 2.0 0.8660254037844387
-1.0 2.0 1.2246467991473532e-16
-0.5000000000000004 2.0 -0.8660254037844385
0.5000000000000001 2.0 -0.8660254037844386
