0.2 3.0 0.0
0.1532088886237956 3.0 0.12855752193730785
0.03472963553338609 3.0 0.1969615506024416
-0.09999999999999996 3.0 0.17320508075688776
-0.18793852415718168 3.0 0.06840402866513377
-0.1879385241571817 3.0 -0.06840402866513373
-0.10000000000000009 3.0 -0.1732050807568877
0.034729635533386 3.0 -0.19696155060244164
0.15320888862379556 3.0 -0.12855752193730793
0.4 3.0 0.0
0.3064177772475912 3.0 0.2571150438746157
0.06945927106677217 3.0 0.3939231012048832
-0.19999999999999993 3.0 0.3464101615137755
-0.37587704831436336 3.0 0.13680805733026755
-0.3758770483143634 3.0 -0.13680805733026746
-0.20000000000000018 3.0 -0.3464101615137754
0.069459271066772 3.0 -0.3939231012048833
0.3064177772475911 3.0 -0.25711504387461587
0.6000000000000001 3.0 0.0
0.4596266658713869 3.0 0.3856725658119236
0.10418890660015827 3.0 0.5908846518073249
-0.29999999999999993 3.0 0.5196152422706632
-0.5638155724715451 3.0 0.20521208599540136
-0.5638155724715451 3.0 -0.20521208599540122
-0.3000000000000003 3.0 -0.5196152422706631
0.104188906600158 3.0 -0.590884651807325
0.45962666587138673 3.0 -0.38567256581192383
0.8 3.0 0.0
0.6128355544951825 3.0 0.5142300877492314
0.13891854213354435 3.0 0.7878462024097664
-0.39999999999999986 3.0 0.692820323027551
-0.7517540966287267 3.0 0.2736161146605351
-0.7517540966287268 3.0 -0.2736161146605349
-0.40000000000000036 3.0 -0.6928203230275508
0.138918542133544 3.0 -0.7878462024097665
0.6128355544951822 3.0 -0.5142300877492317
1.0 3.0 0.0
0.766044443118978 3.0 0.6427876096865393
0.17364817766693041 3.0 0.984807753012208
-0.4999999999999998 3.0 0.8660254037844387
-0.9396926207859083 3.0 0.3420201433256689
-0.9396926207859084 3.0 -0.34202014332566866
-0.5000000000000004 3.0 -0.8660254037844385
0.17364817766692997 3.0 -0.9848077530122081
0.7660444431189778 3.0 -0.6427876096865396
