0.2 3 0
0.102523 -1.03476 1.03476
0.0545607 -1.5439 3.02
-0.0472381 -0.524698 5
-0.0986517 -0.00994971 6


0.2 3 0
0.809844 -0.719943 0.719943
1.18691 -1.16509 3.02
0.320309 -0.37899 5
-0.11737 0.0180291 6


0.2 3 0
0.68129 0.556423 -0.556423
1.38571 1.3708 3.02
0.385819 0.446743 5
-0.119175 -0.0199545 6


0.2 3 0
-1.0394 -1.19814 1.19814
-1.57726 -1.7181 3.02
-0.650078 -0.636469 5
-0.181804 -0.0901935 6


0.2 3 0
0.544977 0.194287 -0.194287
0.940191 0.416866 3.02
0.247202 0.138772 5
-0.102792 -0.00167979 6


0.2 3 0
-0.163629 0.449362 -0.449362
-0.658236 1.06058 3.02
-0.28625 0.35523 5
-0.0983777 -0.00100796 6


0.2 3 0
0.976906 -1.30241 1.30241


0.2 3 0
-0.492308 0.478983 -0.478983
-1.45318 1.14378 3.02
-0.546505 0.378371 5
-0.0885893 -0.00819669 6


0.2 3 0
0.298861 -0.415745 0.415745
0.374235 -0.73272 3.02
0.0594033 -0.245099 5
-0.0996028 0.00117372 6


0.2 3 0
0.99757 -1.38005 1.38005


0.153209 3 0.128558
0.914955 -1.08013 1.08013
1.27712 -1.53255 3.02
0.391756 -0.488294 5
-0.0553993 0.039108 6


0.153209 3 0.128558
0.156501 0.543717 -0.543717
0.161278 1.51909 3.02
0.00338931 0.548844 5
-0.0763525 0.0588196 6


0.153209 3 0.128558
1.14414 -0.244854 0.244854
1.99162 -0.344316 3.02
0.577629 -0.0662904 5
-0.136508 0.0741264 6


0.153209 3 0.128558
-0.859913 -1.30366 1.30366


0.153209 3 0.128558
0.363889 0.594989 -0.594989
0.680563 1.68256 3.02
0.174703 0.598784 5
-0.080781 0.0514248 6


0.153209 3 0.128558
1.06177 -1.65945 1.65945


0.153209 3 0.128558
-0.143154 -1.77592 1.77592


0.153209 3 0.128558
0.883792 -0.522193 0.522193
1.40189 -0.801345 3.02
0.402268 -0.216464 5
-0.102594 0.0789303 6


0.153209 3 0.128558
0.624651 -0.0939806 0.0939806
1.0705 -0.0612807 3.02
0.304679 0.0219571 5
-0.0821 0.0639964 6


0.153209 3 0.128558
0.0478685 -0.918487 0.918487
-0.00862625 -1.34213 3.02
-0.0532767 -0.406693 5
-0.0758274 0.0657514 6


0.0347296 3 0.196962
1.28558 -0.729463 0.729463
2.05382 -1.05651 3.02
0.635587 -0.268048 5
-0.0806935 0.130165 6


0.0347296 3 0.196962
0.0667716 0.560692 -0.560692
0.113807 1.67286 3.02
0.0265321 0.622686 5
-0.0175459 0.092294 6


0.0347296 3 0.196962
-0.216188 0.393871 -0.393871
-0.544875 1.16783 3.02
-0.194156 0.456433 5
-0.0170256 0.0971432 6


0.0347296 3 0.196962
0.161606 0.327228 -0.327228
0.3205 0.983694 3.02
0.096439 0.395836 5
-0.016723 0.0989378 6


0.0347296 3 0.196962
-0.293281 0.407499 -0.407499
-0.726939 1.20665 3.02
-0.254586 0.468409 5
-0.0160245 0.0955617 6


0.0347296 3 0.196962
1.16643 -1.96391 1.96391


0.0347296 3 0.196962
1.16447 -0.692502 0.692502
1.87657 -1.00486 3.02
0.583493 -0.253781 5
-0.0695779 0.125551 6


0.0347296 3 0.196962
-0.343309 -0.308156 0.308156
-0.653204 -0.399308 3.02
-0.230357 -0.0690547 5
-0.0167983 0.0977397 6


0.0347296 3 0.196962
-0.343791 0.185387 -0.185387
-0.774865 0.62082 3.02
-0.271893 0.27347 5
-0.0178675 0.0980406 6


0.0347296 3 0.196962
-0.813309 0.315293 -0.315293
-1.86685 0.951683 3.02
-0.619219 0.374624 5
0.0108984 0.0831794 6


-0.1 3 0.173205
0.496505 0.380386 -0.380386
1.2708 1.09897 3.02
0.454876 0.421897 5
0.0427946 0.0799392 6


-0.1 3 0.173205
0.485979 -0.257265 0.257265
0.982993 -0.328562 3.02
0.360761 -0.0526218 5
0.0465015 0.0867422 6


-0.1 3 0.173205
0.962332 0.0132466 -0.0132466
2.0412 0.202601 3.02
0.690842 0.122273 5
0.00884184 0.0817037 6


-0.1 3 0.173205
-0.404289 -0.0293345 0.0293345
-0.704694 0.1127 3.02
-0.20382 0.0948241 5
0.0491468 0.0857962 6


-0.1 3 0.173205
0.597105 -0.381802 0.381802
1.14093 -0.544532 3.02
0.409867 -0.122952 5
0.0406443 0.0899668 6


-0.1 3 0.173205
-1.1138 -0.0575847 0.0575847
-2.09604 0.054437 3.02
-0.631272 0.074217 5
0.108509 0.0842069 6


-0.1 3 0.173205
-1.19773 -2.0413 2.0413


-0.1 3 0.173205
-0.257432 0.205472 -0.205472
-0.439141 0.642545 3.02
-0.115077 0.273472 5
0.0485915 0.0870711 6


-0.1 3 0.173205
-0.421107 -0.00892755 0.00892755
-0.742442 0.155467 3.02
-0.216323 0.109153 5
0.0493938 0.085762 6


-0.1 3 0.173205
-0.183093 0.331532 -0.331532
-0.287455 0.965471 3.02
-0.0637988 0.381716 5
0.0491589 0.0868907 6


-0.187939 3 0.068404
0.717092 -1.16024 1.16024
1.12167 -1.64833 3.02
0.462058 -0.565674 5
0.128921 -0.0188785 6


-0.187939 3 0.068404
-0.915128 -1.31705 1.31705


-0.187939 3 0.068404
0.225542 -0.175423 0.175423
0.595942 -0.271291 3.02
0.262899 -0.0690419 5
0.0946956 0.0331041 6


-0.187939 3 0.068404
-0.361284 -0.151201 0.151201
-0.519095 -0.226578 3.02
-0.112666 -0.0536598 5
0.0926013 0.0336728 6


-0.187939 3 0.068404
-0.257584 -1.10231 1.10231
-0.290142 -1.58563 3.02
-0.0385041 -0.525739 5
0.0885855 0.00955713 6


-0.187939 3 0.068404
0.29384 0.740343 -0.740343
1.09558 2.0862 3.02
0.421843 0.708065 5
0.0815729 0.0120394 6


-0.187939 3 0.068404
0.683037 0.406146 -0.406146
1.83348 1.03297 3.02
0.663131 0.361274 5
0.0720434 0.022036 6


-0.187939 3 0.068404
0.0465324 -0.776698 0.776698
0.185805 -1.19741 3.02
0.123618 -0.375795 5
0.0922099 0.0391634 6


-0.187939 3 0.068404
0.532638 -1.14299 1.14299
0.8591 -1.62984 3.02
0.364374 -0.551504 5
0.114513 -0.00689011 6


-0.187939 3 0.068404
-0.511107 0.302525 -0.302525
-0.90916 0.759405 3.02
-0.240625 0.27512 5
0.0970192 0.0305312 6


-0.187939 3 -0.068404
1.0379 -1.10538 1.10538
1.60959 -1.65279 3.02
0.626894 -0.602746 5
0.130582 -0.0724187 6


-0.187939 3 -0.068404
-0.758577 -0.0392178 0.0392178
-1.31824 -0.14477 3.02
-0.371221 -0.0700544 5
0.107074 -0.0323191 6


-0.187939 3 -0.068404
-0.315402 0.323501 -0.323501
-0.47463 0.642169 3.02
-0.097324 0.192813 5
0.0932344 -0.0341341 6


-0.187939 3 -0.068404
0.258604 0.710919 -0.710919
0.986413 1.75814 3.02
0.386893 0.556909 5
0.0841053 -0.0497729 6


-0.187939 3 -0.068404
0.191427 0.624047 -0.624047
0.773267 1.47625 3.02
0.318379 0.467312 5
0.0886383 -0.0422506 6


-0.187939 3 -0.068404
-0.245577 0.134995 -0.134995
-0.30905 0.208326 3.02
-0.0424835 0.047807 5
0.092146 -0.0332634 6


-0.187939 3 -0.068404
-0.464353 0.651646 -0.651646
-0.896527 1.56354 3.02
-0.232538 0.490851 5
0.10281 -0.050913 6


-0.187939 3 -0.068404
-0.205701 -0.0192683 0.0192683
-0.223355 -0.106402 3.02
-0.0137075 -0.0584753 5
0.092175 -0.0342697 6


-0.187939 3 -0.068404
0.0529263 0.2467 -0.2467
0.338705 0.458242 3.02
0.176215 0.132278 5
0.094149 -0.0323509 6


-0.187939 3 -0.068404
0.0576676 0.415117 -0.415117
0.38406 0.875874 3.02
0.190795 0.271652 5
0.0931866 -0.0335101 6


-0.1 3 -0.173205
0.713271 0.108699 -0.108699
1.59332 0.0388971 3.02
0.557936 -0.04415 5
0.0350165 -0.086093 6


-0.1 3 -0.173205
-0.35835 0.728539 -0.728539
-0.784698 1.64499 3.02
-0.224644 0.482912 5
0.058211 -0.103997 6


-0.1 3 -0.173205
1.15466 -0.76402 0.76402
1.90665 -1.32575 3.02
0.641941 -0.480459 5
0.00320022 -0.0535446 6


-0.1 3 -0.173205
0.697471 0.319392 -0.319392
1.69093 0.501507 3.02
0.588464 0.107808 5
0.0316637 -0.0910299 6


-0.1 3 -0.173205
0.067786 0.915443 -0.915443
0.38455 2.31672 3.02
0.15819 0.697898 5
0.0438667 -0.119687 6


-0.1 3 -0.173205
-0.746847 -0.414082 0.414082
-1.24058 -0.862349 3.02
-0.372603 -0.338834 5
0.0657671 -0.074433 6


-0.1 3 -0.173205
-0.809904 0.899701 -0.899701
-2.13477 2.25553 3.02


-0.1 3 -0.173205
0.480065 -0.382125 0.382125
0.932485 -0.815252 3.02
0.342953 -0.32805 5
0.0452103 -0.0819876 6


-0.1 3 -0.173205
0.645039 -0.826471 0.826471
1.07213 -1.39954 3.02
0.386094 -0.518031 5
0.0396095 -0.0728264 6


-0.1 3 -0.173205
0.086405 0.876308 -0.876308
0.4284 2.16628 3.02
0.172871 0.650869 5
0.043816 -0.11449 6


0.0347296 3 -0.196962
-0.667584 0.800355 -0.800355
-1.88737 1.84833 3.02


0.0347296 3 -0.196962
-0.124168 -1.08519 1.08519
-0.199424 -1.69244 3.02
-0.0799951 -0.646731 5
-0.0196775 -0.118595 6


0.0347296 3 -0.196962
-0.465099 0.0683837 -0.0683837
-0.991657 -0.0670698 3.02
-0.343514 -0.0872421 5
-0.0161687 -0.09743 6


0.0347296 3 -0.196962
-0.657353 -0.27751 0.27751
-1.23646 -0.674528 3.02
-0.41943 -0.287363 5
-0.00678932 -0.0918244 6


0.0347296 3 -0.196962
0.375443 0.499818 -0.499818
0.855108 0.926188 3.02
0.272656 0.242911 5
-0.021511 -0.102177 6


0.0347296 3 -0.196962
1.14565 -0.882435 0.882435
1.75729 -1.47672 3.02
0.560916 -0.54574 5
-0.0433148 -0.075547 6


0.0347296 3 -0.196962
0.619416 0.140702 -0.140702
1.26574 0.0785127 3.02
0.408339 -0.0387438 5
-0.0246893 -0.0979643 6


0.0347296 3 -0.196962
-0.32053 -1.10084 1.10084
-0.486789 -1.7082 3.02
-0.179744 -0.655439 5
-0.0246705 -0.123743 6


0.0347296 3 -0.196962
0.869945 -0.103316 0.103316
1.65493 -0.385536 3.02
0.526713 -0.190147 5
-0.0430934 -0.0914651 6


0.0347296 3 -0.196962
-0.710723 0.775738 -0.775738
-1.98285 1.76343 3.02


0.153209 3 -0.128558
-0.539406 0.246672 -0.246672
-1.36116 0.386808 3.02
-0.503148 0.0863799 5
-0.0698112 -0.0653516 6


0.153209 3 -0.128558
0.630263 0.127314 -0.127314
1.15292 0.125952 3.02
0.331745 -0.000536507 5
-0.0829923 -0.0644194 6


0.153209 3 -0.128558
-0.051278 0.796818 -0.796818
-0.405533 1.95452 3.02
-0.183691 0.600173 5
-0.0716491 -0.0838414 6


0.153209 3 -0.128558
0.392007 0.0709926 -0.0709926
0.644012 0.0102442 3.02
0.166006 -0.0388409 5
-0.0754117 -0.0636313 6


0.153209 3 -0.128558
1.15384 -0.112046 0.112046
2.08885 -0.336871 3.02
0.608112 -0.14848 5
-0.139737 -0.0533336 6


0.153209 3 -0.128558
-0.394721 0.411043 -0.411043
-1.12087 0.78541 3.02
-0.423918 0.219452 5
-0.0719209 -0.0663849 6


0.153209 3 -0.128558
1.11093 -0.648384 0.648384
1.73349 -1.15343 3.02
0.500089 -0.408562 5
-0.12284 -0.0323655 6


0.153209 3 -0.128558
-1.3238 -1.38253 1.38253


0.153209 3 -0.128558
0.354581 0.422492 -0.422492
0.623531 0.815068 3.02
0.157627 0.229634 5
-0.0776782 -0.0660398 6


0.153209 3 -0.128558
0.61762 0.657575 -0.657575
1.34674 1.48813 3.02
0.387992 0.442123 5
-0.096224 -0.0861611 6


0.4 3 0
1.10509 0.145089 -0.145089
1.88678 0.305941 3.02
0.466487 0.0969735 5
-0.250831 -0.00856545 6


0.4 3 0
-0.225599 -0.00664757 0.00664757
-0.852593 -0.01331 3.02
-0.419713 -0.00449838 5
-0.201087 -4.80904e-05 6


0.4 3 0
-0.456546 0.490436 -0.490436
-1.6547 1.17647 3.02
-0.679621 0.389663 5
-0.187156 -0.00771452 6


0.4 3 0
0.980942 0.218637 -0.218637
1.65739 0.47322 3.02
0.400615 0.151947 5
-0.234123 -0.010312 6


0.4 3 0
-1.15758 -1.58149 1.58149


0.4 3 0
-1.04569 -1.65235 1.65235


0.4 3 0
0.841382 0.0190515 -0.0190515
1.29137 0.0384743 3.02
0.289637 0.0125489 5
-0.216288 -0.000544659 6


0.4 3 0
1.73908 -0.800439 0.800439


0.4 3 0
1.21818 -0.775766 0.775766
1.70449 -1.23686 3.02
0.411358 -0.393969 5
-0.24174 0.0317354 6


0.4 3 0
0.0573232 0.473795 -0.473795
-0.416606 1.12906 3.02
-0.271113 0.378206 5
-0.197632 -0.00101558 6


0.306418 3 0.257115
-1.43625 -2.04472 2.04472


0.306418 3 0.257115
0.966013 -0.267716 0.267716
1.52157 -0.276644 3.02
0.388424 -0.00437902 5
-0.18387 0.133129 6


0.306418 3 0.257115
1.01018 -2.05647 2.05647


0.306418 3 0.257115
-0.190815 -1.04387 1.04387
-0.433799 -1.42834 3.02
-0.248499 -0.401811 5
-0.154913 0.116638 6


0.306418 3 0.257115
0.348476 -0.399353 0.399353
0.380899 -0.509008 3.02
0.026498 -0.0855222 5
-0.152492 0.128359 6


0.306418 3 0.257115
1.0828 0.37567 -0.37567
2.08737 1.19444 3.02
0.559559 0.46243 5
-0.212061 0.0927257 6


0.306418 3 0.257115
-0.198156 0.290322 -0.290322
-0.814577 0.959107 3.02
-0.375051 0.407498 5
-0.153068 0.128908 6


0.306418 3 0.257115
0.601852 0.408525 -0.408525
0.992713 1.28917 3.02
0.226537 0.509634 5
-0.16042 0.115929 6


0.306418 3 0.257115
0.955302 0.523469 -0.523469
1.88374 1.64034 3.02
0.500106 0.607814 5
-0.198698 0.0863352 6


0.306418 3 0.257115
-0.301962 -0.730336 0.730336
-0.675382 -1.0208 3.02
-0.324775 -0.253984 5
-0.1477 0.133295 6


0.0694593 3 0.393923
0.931777 0.161563 -0.161563
1.89834 0.784199 3.02
0.590328 0.382863 5
-0.070282 0.180169 6


0.0694593 3 0.393923
0.0690921 -1.84055 1.84055


0.0694593 3 0.393923
-0.717915 0.116571 -0.116571
-1.57441 0.671882 3.02
-0.541434 0.350871 5
-0.0197274 0.188744 6


0.0694593 3 0.393923
-0.873268 0.172727 -0.172727
-1.93785 0.812623 3.02
-0.652254 0.3935 5
-0.00296256 0.181822 6


0.0694593 3 0.393923
-0.0846459 -1.56845 1.56845


0.0694593 3 0.393923
0.0719522 0.0217551 -0.0217551
0.0744983 0.446297 3.02
0.00239464 0.280768 5
-0.0340214 0.197168 6


0.0694593 3 0.393923
0.972231 -2.04424 2.04424


0.0694593 3 0.393923
1.03858 -0.224258 0.224258
1.87891 -0.0771428 3.02
0.576977 0.104936 5
-0.0805638 0.196895 6


0.0694593 3 0.393923
0.388278 0.454832 -0.454832
0.823551 1.61361 3.02
0.251172 0.666453 5
-0.0379088 0.188091 6


0.0694593 3 0.393923
-0.562437 -0.11553 0.11553
-1.15153 0.144004 3.02
-0.406231 0.177507 5
-0.0298199 0.194428 6


-0.2 3 0.34641
0.00198286 0.434354 -0.434354
0.27393 1.48556 3.02
0.157718 0.612523 5
0.0990243 0.171593 6


-0.2 3 0.34641
-0.191926 0.211221 -0.211221
-0.182571 0.857321 3.02
0.00417474 0.403226 5
0.098491 0.173885 6


-0.2 3 0.34641
0.734777 -0.983042 0.983042
1.21283 -1.30862 3.02
0.473164 -0.325624 5
0.099596 0.170839 6


-0.2 3 0.34641
0.245039 -0.0961589 0.0961589
0.665309 0.140165 3.02
0.290415 0.161261 5
0.101074 0.171915 6


-0.2 3 0.34641
-0.103633 0.238242 -0.238242
0.0100589 0.927999 3.02
0.0691775 0.427312 5
0.0990354 0.174439 6


-0.2 3 0.34641
0.361184 0.262467 -0.262467
1.03408 0.992547 3.02
0.41255 0.446778 5
0.0986477 0.171137 6


-0.2 3 0.34641
0.506522 0.365278 -0.365278
1.41431 1.2797 3.02
0.535429 0.538885 5
0.0915484 0.164733 6


-0.2 3 0.34641
-1.10694 -0.943993 0.943993
-1.58433 -1.25854 3.02
-0.458457 -0.302504 5
0.110164 0.180345 6


-0.2 3 0.34641
-0.248595 0.34857 -0.34857
-0.310333 1.23152 3.02
-0.0383881 0.527318 5
0.0989577 0.17166 6


-0.2 3 0.34641
-1.9137 -2.24998 2.24998


-0.375877 3 0.136808
-1.22606 -0.37472 0.37472
-1.89247 -0.561207 3.02
-0.466892 -0.13012 5
0.253098 0.0876006 6


-0.375877 3 0.136808
-0.0110884 0.160536 -0.160536
0.397518 0.493595 3.02
0.258161 0.212046 5
0.187778 0.0698493 6


-0.375877 3 0.136808
-0.436377 -0.89599 0.89599
-0.46936 -1.30988 3.02
-0.0326024 -0.391006 5
0.187982 0.0730712 6


-0.375877 3 0.136808
0.0935535 0.673646 -0.673646
0.838887 1.96044 3.02
0.401528 0.694435 5
0.180639 0.0550411 6


-0.375877 3 0.136808
0.438034 -1.0687 1.0687
0.828375 -1.51563 3.02
0.407684 -0.474724 5
0.195213 0.050985 6


-0.375877 3 0.136808
0.288158 0.240064 -0.240064
1.07252 0.685229 3.02
0.484402 0.275494 5
0.187372 0.0685568 6


-0.375877 3 0.136808
-0.262563 0.218002 -0.218002
-0.130675 0.63097 3.02
0.079615 0.257512 5
0.185822 0.0688967 6


-0.375877 3 0.136808
0.761415 -1.52726 1.52726


-0.375877 3 0.136808
0.690994 0.054682 -0.054682
1.80473 0.254583 3.02
0.719583 0.129065 5
0.171531 0.065672 6


-0.375877 3 0.136808
0.548593 -0.74335 0.74335
1.11084 -1.11224 3.02
0.489512 -0.321348 5
0.175709 0.078092 6


-0.375877 3 -0.136808
-1.41947 -0.759479 0.759479
-2.04697 -1.2984 3.02
-0.516924 -0.451302 5
0.255826 -0.0234729 6


-0.375877 3 -0.136808
-0.67758 0.265259 -0.265259
-1.04002 0.419567 3.02
-0.219076 0.093258 5
0.19554 -0.0715447 6


-0.375877 3 -0.136808
0.181358 -0.546437 0.546437
0.570018 -1.02299 3.02
0.31392 -0.386507 5
0.184578 -0.0650535 6


-0.375877 3 -0.136808
-0.639018 0.722666 -0.722666
-1.07147 1.68549 3.02
-0.223357 0.500828 5
0.204986 -0.0974852 6


-0.375877 3 -0.136808
0.0753675 0.746051 -0.746051
0.829338 1.76402 3.02
0.397135 0.536759 5
0.178851 -0.0830669 6


-0.375877 3 -0.136808
0.103569 0.337368 -0.337368
0.708113 0.590257 3.02
0.362048 0.153742 5
0.187268 -0.0667201 6


-0.375877 3 -0.136808
0.611489 -0.637998 0.637998
1.25797 -1.14531 3.02
0.536657 -0.421035 5
0.172356 -0.0552406 6


-0.375877 3 -0.136808
-0.544057 -0.716448 0.716448
-0.648299 -1.24532 3.02
-0.0898629 -0.45509 5
0.192176 -0.0559851 6


-0.375877 3 -0.136808
-0.953856 -0.691313 0.691313
-1.31848 -1.21374 3.02
-0.300976 -0.43587 5
0.212913 -0.0430077 6


-0.375877 3 -0.136808
-1.23973 0.464291 -0.464291
-2.42675 0.914283 3.02


-0.2 3 -0.34641
0.0674267 0.617424 -0.617424
0.475701 1.03117 3.02
0.223929 0.228882 5
0.0967717 -0.176316 6


-0.2 3 -0.34641
-0.144588 -0.259561 0.259561
-0.0976603 -0.772743 3.02
0.0328371 -0.374604 5
0.0987449 -0.173523 6


-0.2 3 -0.34641
-0.882813 0.780229 -0.780229
-2.05178 1.52292 3.02


-0.2 3 -0.34641
0.535681 0.521083 -0.521083
1.58659 0.770601 3.02
0.588424 0.139911 5
0.084301 -0.17862 6


-0.2 3 -0.34641
-0.673665 -0.686808 0.686808
-0.973424 -1.34068 3.02
-0.252876 -0.552816 5
0.111036 -0.154906 6


-0.2 3 -0.34641
-1.20451 -0.136532 0.136532
-2.12798 -0.580508 3.02
-0.600678 -0.295744 5
0.170686 -0.151924 6


-0.2 3 -0.34641
-0.910713 0.88862 -0.88862
-2.2264 1.89237 3.02


-0.2 3 -0.34641
0.636503 -0.249619 0.249619
1.34964 -0.757749 3.02
0.512032 -0.364481 5
0.0889965 -0.16586 6


-0.2 3 -0.34641
-0.763642 -0.543283 0.543283
-1.15762 -1.16517 3.02
-0.311277 -0.493452 5
0.11617 -0.154201 6


-0.2 3 -0.34641
-0.110496 0.449246 -0.449246
0.0112364 0.589111 3.02
0.0695471 0.0835299 5
0.0989969 -0.171814 6


0.0694593 3 -0.393923
-0.431656 0.541955 -0.541955
-1.15782 0.756469 3.02
-0.405815 0.120652 5
-0.0260133 -0.200467 6


0.0694593 3 -0.393923
-0.0835012 0.84676 -0.84676
-0.358186 1.65996 3.02
-0.14014 0.414022 5
-0.0300163 -0.215238 6


0.0694593 3 -0.393923
0.366001 0.748675 -0.748675
0.862407 1.34252 3.02
0.259748 0.310355 5
-0.0446248 -0.210941 6


0.0694593 3 -0.393923
1.24611 -0.507083 0.507083
2.08921 -1.15268 3.02
0.628501 -0.48893 5
-0.109229 -0.153704 6


0.0694593 3 -0.393923
-0.815815 0.431281 -0.431281
-2.00525 0.481474 3.02
-0.673108 0.0265693 5
-0.000307553 -0.20318 6


0.0694593 3 -0.393923
0.563555 -0.402015 0.402015
0.94378 -1.01452 3.02
0.289425 -0.465239 5
-0.0410574 -0.187824 6


0.0694593 3 -0.393923
0.697777 1.06148 -1.06148
2.02068 2.46701 3.02


0.0694593 3 -0.393923
0.475339 0.366569 -0.366569
0.997297 0.331391 3.02
0.308841 -0.0193468 5
-0.0388637 -0.196487 6


0.0694593 3 -0.393923
0.2915 0.696714 -0.696714
0.649799 1.18531 3.02
0.191301 0.261068 5
-0.0402629 -0.205723 6


0.0694593 3 -0.393923
-0.532641 -0.748572 0.748572
-0.89748 -1.44086 3.02
-0.318649 -0.604461 5
-0.0263095 -0.182036 6


0.306418 3 -0.257115
0.101073 -0.240813 0.240813
-0.075023 -0.667815 3.02
-0.126116 -0.310074 5
-0.15192 -0.129397 6


0.306418 3 -0.257115
-0.724681 0.000477129 -0.000477129
-1.76298 -0.257954 3.02
-0.681529 -0.169539 5
-0.13534 -0.124885 6


0.306418 3 -0.257115
-0.980648 -0.842329 0.842329
-1.7101 -1.46545 3.02
-0.657837 -0.561926 5
-0.12639 -0.105602 6


0.306418 3 -0.257115
-0.786213 -0.654404 0.654404
-1.4935 -1.24446 3.02
-0.586487 -0.489278 5
-0.128398 -0.107875 6


0.306418 3 -0.257115
0.270055 -0.915122 0.915122
0.250505 -1.54535 3.02
-0.0170951 -0.600824 5
-0.152247 -0.123792 6


0.306418 3 -0.257115
-0.0786095 -0.173595 0.173595
-0.423941 -0.5599 3.02
-0.244178 -0.273949 5
-0.153388 -0.12953 6


0.306418 3 -0.257115
-0.20339 0.230235 -0.230235
-0.801633 0.198693 3.02
-0.371098 -0.0175657 5
-0.153656 -0.126787 6


0.306418 3 -0.257115
-0.684664 -0.294827 0.294827
-1.50439 -0.751342 3.02
-0.596067 -0.331927 5
-0.137316 -0.120101 6


0.306418 3 -0.257115
0.126884 0.12482 -0.12482
-0.0694869 -0.019881 3.02
-0.124291 -0.0912924 5
-0.15197 -0.127359 6


0.306418 3 -0.257115
1.25823 0.0877039 -0.0877039
2.27391 -0.0930743 3.02
0.606288 -0.113507 5
-0.235948 -0.123827 6


0.6 3 0
0.522293 0.731001 -0.731001
0.393831 1.93946 3.02
-0.0690193 0.631939 5
-0.302782 -0.0284243 6


0.6 3 0
1.54263 0.174838 -0.174838
2.6086 0.372553 3.02


0.6 3 0
1.55846 -1.45239 1.45239


0.6 3 0
1.60729 -0.0385472 0.0385472
2.59566 -0.0763702 3.02


0.6 3 0
-0.519279 -0.666704 0.666704
-1.23763 -1.0946 3.02
-0.60528 -0.360791 5
-0.28591 0.00981749 6


0.6 3 0
1.01502 -0.528764 0.528764
1.30802 -0.902061 3.02
0.220294 -0.288018 5
-0.329063 0.0221049 6


0.6 3 0
0.45546 -0.360085 0.360085
0.341039 -0.645136 3.02
-0.083735 -0.214908 5
-0.298268 0.00237893 6


0.6 3 0
-0.569442 -0.264327 0.264327
-1.55666 -0.487467 3.02
-0.714071 -0.161813 5
-0.288522 0.00265805 6


0.6 3 0
-0.300983 0.170627 -0.170627
-1.317 0.36304 3.02
-0.640827 0.122249 5
-0.299324 0.000637924 6


0.6 3 0
-0.228698 0.63344 -0.63344
-1.50802 1.61133 3.02
-0.697033 0.533922 5
-0.287442 -0.010223 6


0.459627 3 0.385673
-0.498691 -0.295707 0.295707
-1.29085 -0.221339 3.02
-0.581039 0.0531412 5
-0.222547 0.191768 6


0.459627 3 0.385673
0.985267 -0.373456 0.373456
1.39764 -0.363872 3.02
0.296689 0.0102499 5
-0.259349 0.1992 6


0.459627 3 0.385673
-0.342933 -0.883228 0.883228
-0.784547 -1.15701 3.02
-0.412391 -0.258382 5
-0.224433 0.195471 6


0.459627 3 0.385673
0.119098 -0.707761 0.707761
-0.0932635 -0.908622 3.02
-0.182193 -0.175369 5
-0.227108 0.194961 6


0.459627 3 0.385673
-0.58348 -0.170973 0.170973
-1.52068 0.0219291 3.02
-0.656434 0.134135 5
-0.219946 0.190805 6


0.459627 3 0.385673
-0.0288229 -0.637189 0.637189
-0.348818 -0.801964 3.02
-0.267435 -0.140449 5
-0.226333 0.19365 6


0.459627 3 0.385673
-0.548596 -0.22802 0.22802
-1.42063 -0.0916636 3.02
-0.623697 0.0963603 5
-0.221207 0.191322 6


0.459627 3 0.385673
0.553834 -1.37675 1.37675


0.459627 3 0.385673
1.12428 -0.0665571 0.0665571
1.76442 0.240787 3.02
0.407185 0.203047 5
-0.278285 0.183987 6


0.459627 3 0.385673
1.50148 -0.507554 0.507554
2.24776 -0.594857 3.02
0.527836 -0.0528466 5
-0.340813 0.220896 6


0.104189 3 0.590885
0.678795 0.0501362 -0.0501362
1.27683 0.717293 3.02
0.387756 0.431427 5
-0.061271 0.287051 6


0.104189 3 0.590885
0.934584 0.265735 -0.265735
1.93246 1.29512 3.02
0.588604 0.611789 5
-0.0901116 0.266671 6


0.104189 3 0.590885
-0.416137 -0.276071 0.276071
-0.851946 -0.0123933 3.02
-0.319239 0.190199 5
-0.0501958 0.292518 6


0.104189 3 0.590885
0.777994 0.219793 -0.219793
1.56318 1.16448 3.02
0.477341 0.575463 5
-0.0710644 0.277979 6


0.104189 3 0.590885
-0.269231 -2.22391 2.22391


0.104189 3 0.590885
0.11106 0.188787 -0.188787
0.118902 1.07872 3.02
0.00592518 0.558991 5
-0.0511341 0.2965 6


0.104189 3 0.590885
1.23319 -0.336819 0.336819
2.14103 -0.132521 3.02
0.633213 0.15303 5
-0.128311 0.297247 6


0.104189 3 0.590885
-1.30168 -1.46658 1.46658


0.104189 3 0.590885
-0.74164 -1.09437 1.09437
-1.13944 -1.33117 3.02
-0.429708 -0.267633 5
-0.0712565 0.269505 6


0.104189 3 0.590885
-0.734413 -0.239749 0.239749
-1.45407 0.0615855 3.02
-0.511753 0.214567 5
-0.0358324 0.291831 6


-0.3 3 0.519615
0.120221 -1.70199 1.70199


-0.3 3 0.519615
0.244057 -0.943685 0.943685
0.530498 -1.16695 3.02
0.276438 -0.220135 5
0.148124 0.258056 6


-0.3 3 0.519615
0.899394 -0.959388 0.959388
1.5236 -1.18826 3.02
0.606761 -0.225357 5
0.143709 0.260959 6


-0.3 3 0.519615
-1.18326 -0.70849 0.70849
-1.7338 -0.826215 3.02
-0.450877 -0.0909744 5
0.197067 0.280359 6


-0.3 3 0.519615
-0.368659 -0.331436 0.331436
-0.424069 -0.17957 3.02
-0.0432349 0.110814 5
0.149106 0.257472 6


-0.3 3 0.519615
-0.33939 -0.485509 0.485509
-0.368032 -0.460709 3.02
-0.0239856 0.0173597 5
0.149775 0.258808 6


-0.3 3 0.519615
1.09166 -2.56767 2.56767


-0.3 3 0.519615
-1.09961 0.420357 -0.420357
-2.166 1.67396 3.02


-0.3 3 0.519615
-0.567716 -1.24693 1.24693
-0.679485 -1.55058 3.02
-0.154318 -0.406418 5
0.110918 0.171444 6


-0.3 3 0.519615
-0.515156 -0.202472 0.202472
-0.70445 0.0765498 3.02
-0.136201 0.196426 5
0.150793 0.25697 6


-0.563816 3 0.205212
0.521098 -0.174894 0.174894
1.49332 -0.147725 3.02
0.683411 0.0182336 5
0.274368 0.102051 6


-0.563816 3 0.205212
0.473224 -0.975505 0.975505
1.00655 -1.37165 3.02
0.523702 -0.393462 5
0.279842 0.10057 6


-0.563816 3 0.205212
0.511558 -0.151598 0.151598
1.4903 -0.102801 3.02
0.682848 0.0331838 5
0.275043 0.101863 6


-0.563816 3 0.205212
-0.857174 0.48204 -0.48204
-1.26518 1.43789 3.02
-0.222555 0.531184 5
0.304025 0.0732536 6


-0.563816 3 0.205212
0.293889 0.0854096 -0.0854096
1.20775 0.395058 3.02
0.592689 0.200707 5
0.282054 0.10255 6


-0.563816 3 0.205212
0.982767 -1.6454 1.6454


-0.563816 3 0.205212
-1.59089 -1.38879 1.38879


-0.563816 3 0.205212
-1.15244 -0.460093 0.460093
-1.58792 -0.648664 3.02
-0.314445 -0.136708 5
0.328726 0.121856 6


-0.563816 3 0.205212
0.361312 -2.05146 2.05146


-0.563816 3 0.205212
-1.24706 0.597025 -0.597025
-2.27551 1.80458 3.02


-0.563816 3 -0.205212
-0.157895 -0.0589825 0.0589825
0.235026 -0.314716 3.02
0.26497 -0.17399 5
0.280093 -0.102916 6


-0.563816 3 -0.205212
-0.807966 0.910167 -0.910167
-1.26712 2.23591 3.02


-0.563816 3 -0.205212
-0.5406 0.614886 -0.614886
-0.50522 1.23923 3.02
0.0198562 0.338658 5
0.285046 -0.116174 6


-0.563816 3 -0.205212
-0.19935 0.386031 -0.386031
0.275553 0.621639 3.02
0.277914 0.141122 5
0.279107 -0.101563 6


-0.563816 3 -0.205212
-1.22752 0.117701 -0.117701
-1.95004 0.0224359 3.02
-0.423315 -0.0604911 5
0.347758 -0.102373 6


-0.563816 3 -0.205212
-1.36289 -0.25861 0.25861
-2.04003 -0.65166 3.02
-0.439615 -0.267161 5
0.368675 -0.0729693 6


-0.563816 3 -0.205212
-0.0994907 -0.342029 0.342029
0.272573 -0.780533 3.02
0.277215 -0.330298 5
0.27956 -0.102906 6


-0.563816 3 -0.205212
-1.18861 -0.210719 0.210719
-1.73528 -0.574647 3.02
-0.358899 -0.247755 5
0.336245 -0.0826589 6


-0.563816 3 -0.205212
-1.11955 -0.971114 0.971114
-1.40628 -1.57804 3.02
-0.283372 -0.593568 5
0.283751 -0.0963616 6


-0.563816 3 -0.205212
-0.273415 -0.344979 0.344979
-0.0411777 -0.784973 3.02
0.171624 -0.330888 5
0.2791 -0.101552 6


-0.3 3 -0.519615
-0.906082 1.10629 -1.10629
-2.2267 2.38461 3.02


-0.3 3 -0.519615
-0.420333 -0.10298 0.10298
-0.533454 -0.688264 3.02
-0.0803013 -0.401814 5
0.148564 -0.257142 6


-0.3 3 -0.519615
-0.944533 1.0334 -1.0334
-2.273 2.09238 3.02


-0.3 3 -0.519615
0.359196 -0.029933 0.029933
1.00972 -0.572251 3.02
0.438473 -0.363483 5
0.149964 -0.258045 6


-0.3 3 -0.519615
-0.862713 1.17599 -1.17599
-2.15719 2.68594 3.02


-0.3 3 -0.519615
-0.460763 0.897893 -0.897893
-0.760393 1.60293 3.02
-0.146999 0.346976 5
0.162795 -0.287343 6


-0.3 3 -0.519615
-0.146249 0.870071 -0.870071
0.134559 1.51014 3.02
0.14263 0.32244 5
0.146706 -0.277408 6


-0.3 3 -0.519615
-0.451686 1.16043 -1.16043
-0.796394 2.61667 3.02


-0.3 3 -0.519615
-0.564568 0.894766 -0.894766
-1.05654 1.59237 3.02
-0.241041 0.341095 5
0.170828 -0.290863 6


-0.3 3 -0.519615
-0.530012 0.558634 -0.558634
-0.867171 0.615828 3.02
-0.186548 0.031647 5
0.157201 -0.263394 6


0.104189 3 -0.590885
-0.404331 0.699977 -0.699977
-1.22679 0.876419 3.02
-0.436927 0.0933151 5
-0.0380052 -0.302192 6


0.104189 3 -0.590885
0.81984 -0.0498023 0.0498023
1.51681 -0.673766 3.02
0.461376 -0.414509 5
-0.0716721 -0.283571 6


0.104189 3 -0.590885
-0.524557 0.925156 -0.925156
-1.72007 1.56075 3.02
-0.587233 0.307402 5
-0.0150943 -0.3256 6


0.104189 3 -0.590885
-0.607625 0.731388 -0.731388
-1.78468 0.963726 3.02
-0.613019 0.11818 5
-0.0212688 -0.308863 6


0.104189 3 -0.590885
-0.136297 0.602086 -0.602086
-0.499554 0.619005 3.02
-0.200375 0.0114817 5
-0.0492747 -0.295348 6


0.104189 3 -0.590885
0.314362 0.670922 -0.670922
0.647425 0.797759 3.02
0.179289 0.0688013 5
-0.0571438 -0.299359 6


0.104189 3 -0.590885
-0.365623 0.918619 -0.918619
-1.25465 1.53879 3.02
-0.440505 0.303894 5
-0.0293205 -0.319793 6


0.104189 3 -0.590885
-0.299099 0.0470794 -0.0470794
-0.717978 -0.517749 3.02
-0.276391 -0.368944 5
-0.0533678 -0.29379 6


0.104189 3 -0.590885
0.0252583 1.22261 -1.22261
-0.163149 2.73055 3.02


0.104189 3 -0.590885
0.0206428 0.630976 -0.630976
-0.108113 0.692762 3.02
-0.0701897 0.0358331 5
-0.0510366 -0.295949 6


0.459627 3 -0.385673
0.0995504 0.513069 -0.513069
-0.411993 0.694055 3.02
-0.288873 0.105124 5
-0.226691 -0.192316 6


0.459627 3 -0.385673
1.25579 0.45196 -0.45196
2.34065 0.542284 3.02
0.571998 0.0406956 5
-0.321263 -0.212632 6


0.459627 3 -0.385673
-0.217778 0.988347 -0.988347
-1.56755 2.18921 3.02


0.459627 3 -0.385673
0.677661 0.184056 -0.184056
0.925745 -0.0453484 3.02
0.154391 -0.141817 5
-0.235182 -0.190539 6


0.459627 3 -0.385673
1.08686 -0.797932 0.797932
1.45383 -1.49043 3.02
0.317128 -0.606937 5
-0.256966 -0.16073 6


0.459627 3 -0.385673
1.05292 -0.924942 0.924942
1.36961 -1.62452 3.02
0.300496 -0.662584 5
-0.239459 -0.176756 6


0.459627 3 -0.385673
-0.263573 -0.130736 0.130736
-0.930993 -0.607315 3.02
-0.465223 -0.331713 5
-0.229985 -0.192521 6


0.459627 3 -0.385673
0.229016 -0.107239 0.107239
0.0128399 -0.5693 3.02
-0.146836 -0.319123 5
-0.227481 -0.19277 6


0.459627 3 -0.385673
0.13416 -1.0318 1.0318
-0.0263384 -1.73079 3.02
-0.160119 -0.714729 5
-0.227685 -0.201566 6


0.459627 3 -0.385673
0.7468 1.04933 -1.04933
1.34588 2.43379 3.02


0.8 3 0
2.23783 -1.16725 1.16725


0.8 3 0
0.746178 -0.578517 0.578517
0.709457 -0.973217 3.02
-0.0318515 -0.317253 5
-0.40625 0.0140423 6


0.8 3 0
1.65474 0.406233 -0.406233
2.78381 0.942846 3.02


0.8 3 0
-0.0170956 -1.11448 1.11448
-0.395512 -1.63063 3.02
-0.400241 -0.565314 5
-0.402629 -0.0272768 6


0.8 3 0
-0.0847518 -1.6436 1.6436


0.8 3 0
0.93873 0.140189 -0.140189
1.09203 0.295102 3.02
0.0894553 0.0952781 5
-0.416896 -0.0056432 6


0.8 3 0
0.0399335 -0.132698 0.132698
-0.660594 -0.255001 3.02
-0.486769 -0.0863316 5
-0.398979 -0.00114484 6


0.8 3 0
-0.000458846 0.12622 -0.12622
-0.876803 0.264407 3.02
-0.56002 0.0895317 5
-0.400029 0.00121097 6


0.8 3 0
-0.04382 0.43715 -0.43715
-1.18209 1.02684 3.02
-0.65977 0.344555 5
-0.395973 -3.51835e-05 6


0.8 3 0
1.33138 0.436932 -0.436932
2.04807 1.02624 3.02
0.363444 0.313958 5
-0.487379 -0.0457812 6


0.612836 3 0.51423
-0.756811 -1.63041 1.63041


0.612836 3 0.51423
-0.359356 -0.191134 0.191134
-1.22118 0.0952826 3.02
-0.611779 0.201139 5
-0.304 0.254602 6


0.612836 3 0.51423
1.36415 0.0179482 -0.0179482
2.12955 0.560102 3.02
0.45085 0.340726 5
-0.396978 0.229931 6


0.612836 3 0.51423
-0.31429 -0.93362 0.93362
-0.806034 -1.15606 3.02
-0.471234 -0.217646 5
-0.302144 0.256303 6


0.612836 3 0.51423
1.75866 -0.30132 0.30132
2.70227 -0.125985 3.02


0.612836 3 0.51423
-0.600862 -0.641357 0.641357
-1.39368 -0.7244 3.02
-0.659377 -0.0688268 5
-0.288514 0.262271 6


0.612836 3 0.51423
0.972605 -0.00601285 0.00601285
1.33333 0.503553 3.02
0.227756 0.331272 5
-0.330614 0.244261 6


0.612836 3 0.51423
2.38257 -1.91038 1.91038


0.612836 3 0.51423
-0.164188 0.24182 -0.24182
-1.0831 1.13592 3.02
-0.566967 0.552357 5
-0.306296 0.257627 6


0.612836 3 0.51423
1.53667 -0.107294 0.107294
2.40266 0.274159 3.02
0.514889 0.250884 5
-0.438529 0.239129 6


0.138919 3 0.787846
-0.0430861 -2.14061 2.14061


0.138919 3 0.787846
0.44371 0.226566 -0.226566
0.800496 1.41403 3.02
0.222038 0.732054 5
-0.0701122 0.387621 6


0.138919 3 0.787846
1.39446 -1.61166 1.61166


0.138919 3 0.787846
-0.0417774 -2.0894 2.0894


0.138919 3 0.787846
-0.455143 -2.58323 2.58323


0.138919 3 0.787846
1.66458 -2.78555 2.78555


0.138919 3 0.787846
1.04438 -1.14634 1.14634
1.45354 -1.30834 3.02
0.475841 -0.210309 5
-0.017944 0.344251 6


0.138919 3 0.787846
0.954486 -0.587876 0.587876
1.50734 -0.452322 3.02
0.438344 0.113876 5
-0.101552 0.399835 6


0.138919 3 0.787846
0.665062 0.111922 -0.111922
1.23563 1.08766 3.02
0.362934 0.618817 5
-0.0778205 0.382028 6


0.138919 3 0.787846
0.36177 -0.184112 0.184112
0.560249 0.353597 3.02
0.142513 0.377909 5
-0.0684643 0.390188 6


-0.4 3 0.69282
-0.209762 0.282525 -0.282525
0.0214317 1.46785 3.02
0.138777 0.722088 5
0.198043 0.345439 6


-0.4 3 0.69282
0.249819 0.0413647 -0.0413647
0.922201 0.801042 3.02
0.443018 0.498408 5
0.201006 0.345563 6


-0.4 3 0.69282
0.856469 -0.628612 0.628612
1.68453 -0.586296 3.02
0.676731 0.038126 5
0.167743 0.353491 6


-0.4 3 0.69282
-1.27253 -0.803173 0.803173
-1.78111 -0.867497 3.02
-0.436082 -0.0486019 5
0.243225 0.364981 6


-0.4 3 0.69282
-0.460758 -0.302943 0.302943
-0.510738 0.017776 3.02
-0.0388092 0.233801 5
0.199539 0.342904 6


-0.4 3 0.69282
0.538883 -0.165129 0.165129
1.38573 0.310836 3.02
0.593262 0.331436 5
0.193025 0.34184 6


-0.4 3 0.69282
0.0854451 0.0189809 -0.0189809
0.580329 0.744622 3.02
0.328156 0.480122 5
0.200795 0.346536 6


-0.4 3 0.69282
-0.578174 -0.796956 0.796956
-0.682492 -0.857925 3.02
-0.093386 -0.0548985 5
0.204142 0.35067 6


-0.4 3 0.69282
-0.224254 0.128226 -0.128226
-0.0315899 1.02831 3.02
0.120894 0.575121 5
0.197906 0.346238 6


-0.4 3 0.69282
-1.38983 -0.0575241 0.0575241
-2.3489 0.558023 3.02
-0.585349 0.398186 5
0.305332 0.317461 6


-0.751754 3 0.273616
-0.728742 -0.358305 0.358305
-0.710504 -0.425426 3.02
0.0144197 -0.0494207 5
0.380543 0.140481 6


-0.751754 3 0.273616
-2.51982 -1.98559 1.98559


-0.751754 3 0.273616
-0.943306 0.43468 -0.43468
-1.20127 1.38853 3.02
-0.137717 0.534978 5
0.39943 0.10389 6


-0.751754 3 0.273616
-0.828043 -0.648166 0.648166
-0.877643 -0.891678 3.02
-0.0373947 -0.199208 5
0.386973 0.150524 6


-0.751754 3 0.273616
0.0993172 -0.113693 0.113693
0.893703 0.0355777 3.02
0.549762 0.102036 5
0.376054 0.135601 6


-0.751754 3 0.273616
0.208853 -0.461362 0.461362
0.918934 -0.600143 3.02
0.554831 -0.110881 5
0.370941 0.136221 6


-0.751754 3 0.273616
-0.201556 -0.75478 0.75478
0.130373 -1.04506 3.02
0.290565 -0.25718 5
0.37147 0.14074 6


-0.751754 3 0.273616
0.00651877 0.532907 -0.532907
1.09852 1.6944 3.02
0.61423 0.656028 5
0.369638 0.131599 6


-0.751754 3 0.273616
-1.30367 0.163951 -0.163951
-1.9233 0.655195 3.02
-0.346637 0.29231 5
0.449655 0.109035 6


-0.751754 3 0.273616
0.395875 -0.942773 0.942773
1.0005 -1.29532 3.02
0.582107 -0.343531 5
0.370799 0.137169 6


-0.751754 3 -0.273616
-0.8913 0.51565 -0.51565
-1.0899 0.860105 3.02
-0.102645 0.186134 5
0.395967 -0.154255 6


-0.751754 3 -0.273616
-1.29298 0.804669 -0.804669
-2.2359 1.72986 3.02


-0.751754 3 -0.273616
-1.26589 0.313438 -0.313438
-1.90382 0.362849 3.02
-0.342313 0.0223722 5
0.446328 -0.149586 6


-0.751754 3 -0.273616
-0.669594 0.449349 -0.449349
-0.557842 0.688377 3.02
0.0644351 0.135606 5
0.378716 -0.143571 6


-0.751754 3 -0.273616
-0.279775 0.0927921 -0.0927921
0.22558 -0.100819 3.02
0.323348 -0.124002 5
0.372725 -0.13571 6


-0.751754 3 -0.273616
-0.504817 -1.05149 1.05149
-0.384837 -1.69533 3.02
0.115842 -0.668905 5
0.368711 -0.150511 6


-0.751754 3 -0.273616
-1.4483 0.236261 -0.236261
-2.26897 0.192249 3.02
-0.437774 -0.0319512 5
0.487074 -0.145184 6


-0.751754 3 -0.273616
0.114718 0.356204 -0.356204
1.22123 0.461671 3.02
0.658116 0.0653278 5
0.373715 -0.134846 6


-0.751754 3 -0.273616
-0.560281 0.373257 -0.373257
-0.312934 0.501974 3.02
0.14368 0.0761502 5
0.374293 -0.138912 6


-0.751754 3 -0.273616
-0.29263 0.704508 -0.704508
0.452313 1.40364 3.02
0.396241 0.372349 5
0.367921 -0.148507 6


-0.4 3 -0.69282
-0.52692 1.27052 -1.27052
-0.841786 2.70367 3.02


-0.4 3 -0.69282
-0.707345 0.933746 -0.933746
-1.29545 1.39475 3.02
-0.280239 0.215498 5
0.232491 -0.380086 6


-0.4 3 -0.69282
-1.05728 -0.170736 0.170736
-1.64792 -0.946739 3.02
-0.393706 -0.529641 5
0.239733 -0.318986 6


-0.4 3 -0.69282
-1.01778 1.26463 -1.26463


-0.4 3 -0.69282
-0.954371 -0.501421 0.501421
-1.35313 -1.36044 3.02
-0.302813 -0.664592 5
0.227651 -0.313153 6


-0.4 3 -0.69282
-0.687028 0.799837 -0.799837
-1.18536 0.985634 3.02
-0.249252 0.0887787 5
0.223528 -0.364179 6


-0.4 3 -0.69282
-0.00704187 0.770536 -0.770536
0.661066 0.902669 3.02
0.349276 0.0694127 5
0.191806 -0.351424 6


-0.4 3 -0.69282
-0.639186 0.490206 -0.490206
-0.973713 0.206829 3.02
-0.187653 -0.160066 5
0.209346 -0.345366 6


-0.4 3 -0.69282
-0.357676 1.24807 -1.24807
-0.254567 2.60078 3.02


-0.4 3 -0.69282
-0.124767 0.96893 -0.96893
0.415778 1.5112 3.02
0.266404 0.262233 5
0.190963 -0.368557 6


0.138919 3 -0.787846
-0.517849 1.07188 -1.07188
-1.91165 1.67467 3.02


0.138919 3 -0.787846
1.01213 0.556185 -0.556185
2.28996 0.217181 3.02
0.679575 -0.190341 5
-0.133751 -0.39616 6


0.138919 3 -0.787846
-0.547971 0.714027 -0.714027
-1.66997 0.593447 3.02
-0.589661 -0.0658182 5
-0.0440501 -0.39878 6


0.138919 3 -0.787846
-0.597841 0.648467 -0.648467
-1.74721 0.431032 3.02
-0.615408 -0.118578 5
-0.0437911 -0.396158 6


0.138919 3 -0.787846
0.761941 1.23358 -1.23358
2.2622 2.30693 3.02


0.138919 3 -0.787846
-0.58126 0.719508 -0.719508
-1.7622 0.607448 3.02
-0.618449 -0.0616897 5
-0.0407989 -0.399638 6


0.138919 3 -0.787846
-0.606247 0.0106994 -0.0106994
-1.36173 -0.77721 3.02
-0.498102 -0.517339 5
-0.061924 -0.386091 6


0.138919 3 -0.787846
-0.177903 1.15972 -1.15972
-0.89748 2.00433 3.02
-0.331941 0.380151 5
-0.0463147 -0.440139 6


0.138919 3 -0.787846
-0.501297 -0.328708 0.328708
-1.01892 -1.23145 3.02
-0.384656 -0.668795 5
-0.064322 -0.384625 6


0.138919 3 -0.787846
0.885875 0.89408 -0.89408
2.27417 1.09153 3.02


0.612836 3 -0.51423
0.125124 1.17963 -1.17963
-1.00004 2.71473 3.02


0.612836 3 -0.51423
1.49136 0.494333 -0.494333
2.72353 0.466427 3.02


0.612836 3 -0.51423
0.430027 -0.783497 0.783497
0.321966 -1.55061 3.02
-0.0950403 -0.682158 5
-0.305649 -0.243545 6


0.612836 3 -0.51423
1.25037 0.814436 -0.814436
2.36887 1.34113 3.02


0.612836 3 -0.51423
0.204814 -0.763703 0.763703
-0.0397901 -1.52981 3.02
-0.214782 -0.677332 5
-0.303162 -0.246788 6


0.612836 3 -0.51423
-0.139738 -0.508416 0.508416
-0.678486 -1.2405 3.02
-0.428523 -0.58409 5
-0.302279 -0.252569 6


0.612836 3 -0.51423
0.530346 1.1124 -1.1124
0.349757 2.42193 3.02
-0.0908059 0.597824 5
-0.313312 -0.323443 6


0.612836 3 -0.51423
0.26165 0.939587 -0.939587
-0.41324 1.75701 3.02
-0.335561 0.400595 5
-0.296328 -0.284465 6


0.612836 3 -0.51423
-0.139807 0.728603 -0.728603
-1.38193 1.08239 3.02
-0.657527 0.187999 5
-0.291666 -0.263715 6


0.612836 3 -0.51423
0.767755 0.373375 -0.373375
0.967897 0.191403 3.02
0.114199 -0.10669 5
-0.316962 -0.257241 6


1 3 0
0.582239 -0.157328 0.157328
0.203465 -0.299974 3.02
-0.261281 -0.0996976 5
-0.496002 0.00145206 6


1 3 0
1.82643 -1.53623 1.53623


1 3 0
1.54649 -0.667375 0.667375
1.89707 -1.0955 3.02
0.249312 -0.333901 5
-0.582889 0.0507433 6


1 3 0
1.1303 0.328162 -0.328162
1.29358 0.739392 3.02
0.0785627 0.232902 5
-0.535083 -0.0229012 6


1 3 0
0.509612 0.600228 -0.600228
-0.230174 1.50572 3.02
-0.404526 0.494695 5
-0.492583 -0.0159209 6


1 3 0
0.19532 -0.0621749 0.0621749
-0.581939 -0.122231 3.02
-0.525678 -0.0413306 5
-0.497263 -0.000471738 6


1 3 0
2.2661 -0.509324 0.509324


1 3 0
0.260124 0.0803558 -0.0803558
-0.525546 0.165685 3.02
-0.506303 0.0559273 5
-0.496584 0.000494009 6


1 3 0
1.54247 0.197068 -0.197068
2.16508 0.423254 3.02
0.315092 0.125895 5
-0.619249 -0.0242862 6


1 3 0
1.07204 0.718702 -0.718702
1.1901 1.89655 3.02
0.0426946 0.592181 5
-0.536802 -0.0665899 6


0.766044 3 0.642788
0.237319 -0.602077 0.602077
-0.117592 -0.57475 3.02
-0.291099 0.0200923 5
-0.378729 0.320517 6


0.766044 3 0.642788
-0.202021 0.245317 -0.245317
-1.34954 1.29805 3.02
-0.706871 0.648976 5
-0.382293 0.321161 6


0.766044 3 0.642788
1.18147 -0.511286 0.511286
1.47828 -0.417331 3.02
0.212248 0.0803669 5
-0.427164 0.33173 6


0.766044 3 0.642788
0.29792 -1.57342 1.57342


0.766044 3 0.642788
0.666223 0.253369 -0.253369
0.547259 1.32139 3.02
-0.0714256 0.647313 5
-0.383892 0.306872 6


0.766044 3 0.642788
1.50043 -0.226577 0.226577
2.13622 0.133759 3.02
0.389112 0.251556 5
-0.493266 0.311049 6


0.766044 3 0.642788
0.187153 -0.0338419 0.0338419
-0.38264 0.565533 3.02
-0.381379 0.402702 5
-0.380743 0.320464 6


0.766044 3 0.642788
1.29536 -0.229158 0.229158
1.75282 0.128326 3.02
0.290196 0.251107 5
-0.448504 0.313117 6


0.766044 3 0.642788
1.68897 0.0750316 -0.0750316
2.66555 0.834586 3.02


0.766044 3 0.642788
-0.378019 -1.14608 1.14608
-0.895107 -1.37355 3.02
-0.566604 -0.271417 5
-0.400693 0.285217 6


0.173648 3 0.984808
-0.528427 -0.413696 0.413696
-1.06445 0.0223383 3.02
-0.409863 0.33131 5
-0.0792636 0.487356 6


0.173648 3 0.984808
-0.38913 -0.88188 0.88188
-0.699106 -0.825187 3.02
-0.28971 0.0493629 5
-0.0829438 0.491055 6


0.173648 3 0.984808
-0.453069 -0.516772 0.516772
-0.899164 -0.183625 3.02
-0.355222 0.263028 5
-0.0805031 0.48861 6


0.173648 3 0.984808
1.30808 -0.673501 0.673501
2.03272 -0.47465 3.02
0.578198 0.175558 5
-0.156406 0.503946 6


0.173648 3 0.984808
0.558468 -0.718311 0.718311
0.796678 -0.553345 3.02
0.205099 0.141783 5
-0.0936777 0.492858 6


0.173648 3 0.984808
-0.278369 -0.408811 0.408811
-0.624619 0.0324088 3.02
-0.266226 0.334757 5
-0.085219 0.487458 6


0.173648 3 0.984808
-0.458012 -0.644421 0.644421
-0.869754 -0.422543 3.02
-0.344535 0.184272 5
-0.0792733 0.490744 6


0.173648 3 0.984808
-1.07828 -0.426564 0.426564
-2.02582 -0.00404966 3.02
-0.699888 0.322622 5
-0.0302229 0.487608 6


0.173648 3 0.984808
-0.049454 -0.191274 0.191274
-0.247211 0.512111 3.02
-0.140719 0.497101 5
-0.086936 0.489521 6


0.173648 3 0.984808
-0.26634 -0.209086 0.209086
-0.651735 0.470387 3.02
-0.276643 0.482351 5
-0.087203 0.488394 6


-0.5 3 0.866025
0.357503 -0.2707 0.2707
1.07831 0.22972 3.02
0.526049 0.361873 5
0.247131 0.428617 6


-0.5 3 0.866025
0.241711 -0.146801 0.146801
0.918933 0.50989 3.02
0.474546 0.456901 5
0.250107 0.430139 6


-0.5 3 0.866025
-0.76516 -0.628572 0.628572
-0.939915 -0.472078 3.02
-0.141548 0.131149 5
0.261668 0.435809 6


-0.5 3 0.866025
-0.682089 -0.55043 0.55043
-0.808744 -0.330912 3.02
-0.100331 0.176498 5
0.257454 0.432766 6


-0.5 3 0.866025
-0.132362 -2.19774 2.19774


-0.5 3 0.866025
-2.35578 -2.68311 2.68311


-0.5 3 0.866025
0.602771 -2.00553 2.00553


-0.5 3 0.866025
-0.74237 -1.06338 1.06338
-0.859078 -1.15841 3.02
-0.130459 -0.112829 5
0.237531 0.415243 6


-0.5 3 0.866025
-1.87851 -1.58112 1.58112


-0.5 3 0.866025
-0.868685 0.101115 -0.101115
-1.26563 1.1424 3.02
-0.247141 0.656354 5
0.267249 0.410879 6


-0.939693 3 0.34202
-0.938627 -1.49184 1.49184


-0.939693 3 0.34202
-0.820084 -1.04996 1.04996
-0.761902 -1.39433 3.02
0.0484797 -0.364403 5
0.457764 0.155763 6


-0.939693 3 0.34202
-0.901613 0.380614 -0.380614
-0.852175 1.31877 3.02
0.0343663 0.537603 5
0.482114 0.143073 6


-0.939693 3 0.34202
-0.703765 -1.45601 1.45601


-0.939693 3 0.34202
0.354488 -2.2346 2.2346


-0.939693 3 0.34202
-1.84769 -1.31731 1.31731


-0.939693 3 0.34202
-0.0157782 0.381207 -0.381207
1.18417 1.32051 3.02
0.70736 0.55664 5
0.466545 0.170846 6


-0.939693 3 0.34202
-0.415426 -2.0054 2.0054


-0.939693 3 0.34202
-0.927211 -0.0553245 0.0553245
-0.9151 0.222865 3.02
0.0130674 0.18458 5
0.481839 0.165244 6


-0.939693 3 0.34202
-0.991042 0.483339 -0.483339
-1.06252 1.63229 3.02
-0.0291958 0.632145 5
0.492687 0.127023 6


-0.939693 3 -0.34202
-0.291571 0.299336 -0.299336
0.505024 0.246874 3.02
0.478654 -0.0295918 5
0.465336 -0.169221 6


-0.939693 3 -0.34202
-1.03273 0.788578 -0.788578
-1.19297 1.55765 3.02
-0.0634913 0.373957 5
0.506952 -0.223869 6


-0.939693 3 -0.34202
-1.35645 -0.532627 0.532627
-1.6499 -1.14848 3.02
-0.199206 -0.466297 5
0.533467 -0.12176 6


-0.939693 3 -0.34202
-0.330175 0.91363 -0.91363
0.819005 1.99134 3.02
0.574657 0.533265 5
0.45125 -0.203136 6


-0.939693 3 -0.34202
-0.865402 -0.238538 0.238538
-0.801597 -0.737158 3.02
0.0487282 -0.351904 5
0.478185 -0.157331 6


-0.939693 3 -0.34202
-1.11399 0.546854 -0.546854
-1.36742 0.844681 3.02
-0.119391 0.152176 5
0.510927 -0.197574 6


-0.939693 3 -0.34202
-1.40285 0.4638 -0.4638
-2.03907 0.631081 3.02
-0.307848 0.0784408 5
0.566505 -0.20067 6


-0.939693 3 -0.34202
-1.48088 0.381873 -0.381873
-2.18409 0.433657 3.02
-0.345227 0.0174208 5
0.583489 -0.192799 6


-0.939693 3 -0.34202
-0.731355 0.895281 -0.895281
-0.343796 1.92448 3.02
0.19966 0.499944 5
0.474133 -0.219517 6


-0.939693 3 -0.34202
-0.488475 -0.645864 0.645864
-0.194649 -1.28916 3.02
0.244819 -0.538015 5
0.466772 -0.158649 6


-0.5 3 -0.866025
-0.874326 0.193336 -0.193336
-1.30289 -0.576822 3.02
-0.258545 -0.47211 5
0.268902 -0.419226 6


-0.5 3 -0.866025
-0.277928 1.31989 -1.31989
0.295707 2.49226 3.02


-0.5 3 -0.866025
0.452318 0.253077 -0.253077
1.58705 -0.477277 3.02
0.694693 -0.4443 5
0.244009 -0.427645 6


-0.5 3 -0.866025
-1.18218 1.07644 -1.07644
-2.63494 1.52453 3.02


-0.5 3 -0.866025
-1.18287 0.0241647 -0.0241647
-1.88142 -0.837026 3.02
-0.426614 -0.547798 5
0.308138 -0.401723 6


-0.5 3 -0.866025
-1.05922 1.09253 -1.09253
-2.26492 1.58088 3.02


-0.5 3 -0.866025
-0.680329 1.39447 -1.39447


-0.5 3 -0.866025
-0.335875 0.513091 -0.513091
-0.102706 0.0116866 3.02
0.130304 -0.280953 5
0.247986 -0.428751 6


-0.5 3 -0.866025
-0.179782 1.33294 -1.33294
0.656354 2.55213 3.02


-0.5 3 -0.866025
0.108862 1.08761 -1.08761
1.41664 1.56357 3.02
0.619513 0.21742 5
0.216925 -0.462452 6


0.173648 3 -0.984808
0.31922 1.48289 -1.48289


0.173648 3 -0.984808
0.204951 0.476227 -0.476227
0.248316 -0.228318 3.02
0.0258911 -0.400227 5
-0.0864445 -0.48705 6


0.173648 3 -0.984808
0.325956 1.12981 -1.12981
0.663914 1.45155 3.02
0.154483 0.138719 5
-0.102805 -0.524328 6


0.173648 3 -0.984808
0.769885 0.668093 -0.668093
1.71288 0.167183 3.02
0.494287 -0.270088 5
-0.121164 -0.490932 6


0.173648 3 -0.984808
-0.233273 0.428078 -0.428078
-0.778817 -0.318309 3.02
-0.317837 -0.430467 5
-0.0850188 -0.487112 6


0.173648 3 -0.984808
1.06173 -0.0830605 0.0830605
1.90773 -1.10032 3.02
0.551034 -0.674667 5
-0.134166 -0.459692 6


0.173648 3 -0.984808
-0.380873 0.459908 -0.459908
-1.14056 -0.259202 3.02
-0.436636 -0.410156 5
-0.0811172 -0.486396 6


0.173648 3 -0.984808
-0.119711 0.176911 -0.176911
-0.451915 -0.737964 3.02
-0.209896 -0.573396 5
-0.0876637 -0.49028 6


0.173648 3 -0.984808
-0.0993716 1.44266 -1.44266


0.173648 3 -0.984808
0.894964 0.85724 -0.85724
2.20016 0.626411 3.02
0.635967 -0.126578 5
-0.154028 -0.506876 6


0.766044 3 -0.642788
1.71368 -0.403479 0.403479
2.44221 -1.20783 3.02


0.766044 3 -0.642788
-0.298238 -0.420523 0.420523
-1.10706 -1.2286 3.02
-0.622217 -0.622329 5
-0.377349 -0.316131 6


0.766044 3 -0.642788
1.18648 -0.0932027 0.0932027
1.5843 -0.789599 3.02
0.245477 -0.459331 5
-0.430694 -0.292529 6


0.766044 3 -0.642788
1.22289 0.0680096 -0.0680096
1.70404 -0.537354 3.02
0.280507 -0.379322 5
-0.438451 -0.299508 6


0.766044 3 -0.642788
0.350162 1.14396 -1.14396
-0.582859 2.26834 3.02
-0.437356 0.51012 5
-0.36387 -0.37787 6


0.766044 3 -0.642788
0.830322 0.461507 -0.461507
0.918479 0.212883 3.02
0.0451754 -0.142547 5
-0.395887 -0.322057 6


0.766044 3 -0.642788
0.187274 0.82226 -0.82226
-0.83387 1.13891 3.02
-0.525135 0.161697 5
-0.369208 -0.331845 6


0.766044 3 -0.642788
1.23065 0.90219 -0.90219
2.0993 1.38718 3.02


0.766044 3 -0.642788
1.12261 0.782456 -0.782456
1.73401 1.02195 3.02
0.28462 0.104817 5
-0.447397 -0.35838 6


0.766044 3 -0.642788
1.57503 -0.0793935 0.0793935
2.34756 -0.769026 3.02
0.443484 -0.439231 5
-0.518172 -0.272667 6


