0.2 3.0 0.0 -0.04958570958449138 -2.0524442065353528 0.5263738025629456 457 1
0.2 3.0 0.0 0.339258637754313 -2.069417592887142 0.4005068495270674 480 1
0.2 3.0 0.0 0.41669354256979196 -2.115611871794536 -0.48174231675377066 479 1
0.2 3.0 0.0 -0.5955397829884781 -2.017232434390734 0.5757138654768923 459 1
0.2 3.0 0.0 0.2568362707609311 -2.088858887416362 -0.14464699472156473 470 1
0.2 3.0 0.0 -0.28980128853186127 -2.032778685502201 -0.3581277612943925 487 1
0.2 3.0 0.0 0.3849139463638882 -2.131605308993993 0.6452717214248602 468 1
0.2 3.0 0.0 -0.5832563430592399 -2.123909524252402 -0.4035340531650425 477 1
0.2 3.0 0.0 0.05986345797266601 -2.0683406112247082 0.25174664446524875 460 1
0.2 3.0 0.0 0.37173558094299963 -2.0414771804557654 0.6432222183736156 458 1
0.1532088886237956 3.0 0.12855752193730785 0.3844365789868871 -2.0591519652162202 0.4802379589473642 459 1
0.1532088886237956 3.0 0.12855752193730785 0.0028585566593299916 -2.132608449766986 -0.5836861872054139 460 1
0.1532088886237956 3.0 0.12855752193730785 0.6249198950206716 -2.0463400996933183 0.0733412497148751 478 1
0.1532088886237956 3.0 0.12855752193730785 -0.4884282124644731 -2.0748035953292963 0.566519428437863 489 1
0.1532088886237956 3.0 0.12855752193730785 0.17711095136025545 -2.0218077741074376 -0.6082597966159005 473 1
0.1532088886237956 3.0 0.12855752193730785 0.4090721228313856 -2.0978894093379705 0.6892757109537444 498 1
0.1532088886237956 3.0 0.12855752193730785 -0.12928717866193018 -2.0834810304615257 0.7186579317331281 500 1
0.1532088886237956 3.0 0.12855752193730785 0.4258227226208282 -2.052920931255042 0.2294317687332259 490 1
0.1532088886237956 3.0 0.12855752193730785 0.31795537273866503 -2.086675853540909 -0.023319759247383942 457 1
0.1532088886237956 3.0 0.12855752193730785 -0.055118775115360674 -2.050327398944736 0.41332646294012076 495 1
0.03472963553338609 3.0 0.1969615506024416 0.6727203885361539 -2.0057417668254134 0.28638453868710934 478 1
0.03472963553338609 3.0 0.1969615506024416 0.026587600786839083 -2.0240730005703242 -0.6286810695296261 493 1
0.03472963553338609 3.0 0.1969615506024416 -0.19441274366524963 -2.019248354258108 -0.45778172967172376 486 1
0.03472963553338609 3.0 0.1969615506024416 0.09698095587178623 -2.0429894724405617 -0.40067543726118476 458 1
0.03472963553338609 3.0 0.1969615506024416 -0.2624252272268354 -2.0741309014545117 -0.48359880969133123 454 1
0.03472963553338609 3.0 0.1969615506024416 0.4691548737057196 -2.0578275513968833 0.7325029288872984 465 1
0.03472963553338609 3.0 0.1969615506024416 0.6157701225289929 -2.0126238986471234 0.2700977710459258 493 1
0.03472963553338609 3.0 0.1969615506024416 -0.2422469356807464 -2.1198661610725 0.07125360159371197 452 1
0.03472963553338609 3.0 0.1969615506024416 -0.2809155261425655 -2.0888377821137745 -0.2837563178627485 456 1
0.03472963553338609 3.0 0.1969615506024416 -0.6445995141533064 -2.04066317440853 -0.3893683781192079 469 1
-0.09999999999999996 3.0 0.17320508075688776 0.48460452395087783 -2.128189629716501 -0.44974072784013336 482 1
-0.09999999999999996 3.0 0.17320508075688776 0.3650089963273637 -2.028963730026045 0.05236118908864318 499 1
-0.09999999999999996 3.0 0.17320508075688776 0.7455292429774447 -2.0960602798562697 -0.13084910403522731 494 1
-0.09999999999999996 3.0 0.17320508075688776 -0.20303998686165992 -2.0213541718066694 -0.09599907456507006 475 1
-0.09999999999999996 3.0 0.17320508075688776 0.4349913543677244 -2.1102327517045394 0.13016374196711256 479 1
-0.09999999999999996 3.0 0.17320508075688776 -0.6672513060863707 -2.012411964550287 -0.07609795211308579 485 1
-0.09999999999999996 3.0 0.17320508075688776 -0.4399533069222447 -2.0204660306123414 0.748699064010449 485 1
-0.09999999999999996 3.0 0.17320508075688776 -0.1179371475201818 -2.0934682915835023 -0.2836789003865503 487 1
-0.09999999999999996 3.0 0.17320508075688776 -0.21903049437160016 -2.0524245807110937 -0.11205561727795499 484 1
-0.09999999999999996 3.0 0.17320508075688776 -0.06400318699036622 -2.0554208069683413 -0.3887803851596342 474 1
-0.18793852415718168 3.0 0.06840402866513377 0.4521212461535189 -2.07830978524951 0.5454438564046926 499 1
-0.18793852415718168 3.0 0.06840402866513377 -0.3473425698901525 -2.06203860149887 0.5964140401266664 458 1
-0.18793852415718168 3.0 0.06840402866513377 0.2614739689232184 -2.0080519406394406 0.06767568768852816 452 1
-0.18793852415718168 3.0 0.06840402866513377 -0.11022494459421672 -2.0037493260823065 0.05264811061290087 463 1
-0.18793852415718168 3.0 0.06840402866513377 -0.035453507770586756 -2.088295140301032 0.5263136564896225 478 1
-0.18793852415718168 3.0 0.06840402866513377 0.4326422386667039 -2.029195773666488 -0.7262635541326021 499 1
-0.18793852415718168 3.0 0.06840402866513377 0.6980485910330474 -2.0788593924562666 -0.38033116523091853 464 1
-0.18793852415718168 3.0 0.06840402866513377 0.13167801619228503 -2.120979460039199 0.3977751898770798 452 1
-0.18793852415718168 3.0 0.06840402866513377 0.35791273372852594 -2.0578364596200243 0.533750514752501 466 1
-0.18793852415718168 3.0 0.06840402866513377 -0.25457007967805956 -2.1248845258770106 -0.2921926044679369 479 1
-0.1879385241571817 3.0 -0.06840402866513373 0.6316208418114984 -2.115322467775485 0.6047984984929131 486 1
-0.1879385241571817 3.0 -0.06840402866513373 -0.37701435928870286 -2.0079759835526767 0.07110449516263184 488 1
-0.1879385241571817 3.0 -0.06840402866513373 -0.09978707107657347 -2.095350214512169 -0.1997074293418739 456 1
-0.1879385241571817 3.0 -0.06840402866513373 0.3979594505808648 -2.0400321944996866 -0.5726107085434299 485 1
-0.1879385241571817 3.0 -0.06840402866513373 0.32812067684274604 -2.055010061969882 -0.48058647233289853 495 1
-0.1879385241571817 3.0 -0.06840402866513373 -0.04258907101178255 -2.116945799609306 -0.04920397332014914 465 1
-0.1879385241571817 3.0 -0.06840402866513373 -0.25129101051947134 -2.134908029625381 -0.5302299070825542 469 1
-0.1879385241571817 3.0 -0.06840402866513373 -0.012415391096892714 -2.1103480185777443 0.06127944777572214 480 1
-0.1879385241571817 3.0 -0.06840402866513373 0.17850030462802668 -2.0404176863183796 -0.13213169767347777 500 1
-0.1879385241571817 3.0 -0.06840402866513373 0.1984137448292147 -2.088206693900179 -0.28009357337253826 490 1
-0.10000000000000009 3.0 -0.1732050807568877 0.5695834709979404 -2.0249558645135384 0.045177378293020265 457 1
-0.10000000000000009 3.0 -0.1732050807568877 -0.2419641160117869 -2.1273962478628485 -0.5201120874197367 478 1
-0.10000000000000009 3.0 -0.1732050807568877 0.7129157881252364 -2.1387679517448586 0.5325442747609468 479 1
-0.10000000000000009 3.0 -0.1732050807568877 0.622893832527172 -2.0937860358492113 -0.11418499404825866 458 1
-0.10000000000000009 3.0 -0.1732050807568877 0.16194764954075824 -2.0120214386351076 -0.7164105866379078 474 1
-0.10000000000000009 3.0 -0.1732050807568877 -0.40345859632848274 -2.12947007032079 0.3663093635904715 500 1
-0.10000000000000009 3.0 -0.1732050807568877 -0.6884587408122262 -2.036851038557305 -0.7045487492504601 477 1
-0.10000000000000009 3.0 -0.1732050807568877 0.34706643896630585 -2.0236039701530513 0.33226686662312543 458 1
-0.10000000000000009 3.0 -0.1732050807568877 0.3966395031215586 -2.037115246556915 0.5322020138581633 485 1
-0.10000000000000009 3.0 -0.1732050807568877 0.17609400178823964 -2.006219870707262 -0.6642107852795882 484 1
0.034729635533386 3.0 -0.19696155060244164 -0.6776149933863296 -2.122289182501318 -0.582173490030137 499 1
0.034729635533386 3.0 -0.19696155060244164 -0.08233520713270714 -2.1168054694055773 0.6643683576234141 451 1
0.034729635533386 3.0 -0.19696155060244164 -0.3437933698148612 -2.016429688561482 0.0884386618939812 465 1
0.034729635533386 3.0 -0.19696155060244164 -0.4327999260336266 -2.049620356645378 0.29671490389814315 487 1
0.034729635533386 3.0 -0.19696155060244164 0.279519832346397 -2.051138207494434 -0.24846238942175858 455 1
0.034729635533386 3.0 -0.19696155060244164 0.5933540335849621 -2.073650321950822 0.5765172613776692 481 1
0.034729635533386 3.0 -0.19696155060244164 0.41312827932504104 -2.0203257809919792 0.03975169716051585 487 1
0.034729635533386 3.0 -0.19696155060244164 -0.1744422276724069 -2.0136221972316526 0.6372538703339592 497 1
0.034729635533386 3.0 -0.19696155060244164 0.5749696409921721 -2.1363507400032713 0.20671400820601948 466 1
0.034729635533386 3.0 -0.19696155060244164 -0.6864717178525207 -2.048275031135629 -0.5329829237814907 471 1
0.15320888862379556 3.0 -0.12855752193730793 -0.5363629679026759 -2.1321850384517824 -0.09146817601624802 457 1
0.15320888862379556 3.0 -0.12855752193730793 0.33419624667361747 -2.0124344456415386 0.0008711581080348418 464 1
0.15320888862379556 3.0 -0.12855752193730793 -0.18691872480298244 -2.01389920574029 -0.6108484079420858 458 1
0.15320888862379556 3.0 -0.12855752193730793 0.17401849391838453 -2.134441300480926 0.041948990319372825 484 1
0.15320888862379556 3.0 -0.12855752193730793 0.6614422061568728 -2.057134503023355 0.1590447212368773 472 1
0.15320888862379556 3.0 -0.12855752193730793 -0.4490185340134858 -2.1216014018916245 -0.2314915332471007 499 1
0.15320888862379556 3.0 -0.12855752193730793 0.5475687891437804 -2.0859374791191136 0.4442106137182438 481 1
0.15320888862379556 3.0 -0.12855752193730793 -0.6870031652013255 -2.038449715486324 0.7028530948905458 496 1
0.15320888862379556 3.0 -0.12855752193730793 0.15817802232112133 -2.024639421043897 -0.23088643041572499 462 1
0.15320888862379556 3.0 -0.12855752193730793 0.4085356701365952 -2.06059722936024 -0.4653694826909857 479 1
0.4 3.0 0.0 0.4948180213915936 -2.003531089300502 -0.1018208562800964 477 1
0.4 3.0 0.0 -0.4282831635484672 -2.058341125218929 0.004550901585346545 485 1
0.4 3.0 0.0 -0.730311330408056 -2.1397136566720665 -0.4181572876544783 469 1
0.4 3.0 0.0 0.4239162395081708 -2.029573654683132 -0.15954074225673787 467 1
0.4 3.0 0.0 -0.7173695870221625 -2.1100862747343725 0.7283836342313739 489 1
0.4 3.0 0.0 -0.6219899763255003 -2.0016180588484263 0.7109040982818691 470 1
0.4 3.0 0.0 0.3023794281349823 -2.0421710459436277 -0.01305167214051739 460 1
0.4 3.0 0.0 0.7075090211389048 -2.007973930058396 0.42291446614995687 471 1
0.4 3.0 0.0 0.4455529922686359 -2.0561445864835526 0.42245375473757507 462 1
0.4 3.0 0.0 -0.27295403531491746 -2.012210466959167 -0.37739446270913074 500 1
0.3064177772475912 3.0 0.2571150438746157 -0.6992993114897843 -2.024353190223635 0.717332158248551 457 1
0.3064177772475912 3.0 0.2571150438746157 0.4087151209934077 -2.024826141199293 0.006568556511593382 464 1
0.3064177772475912 3.0 0.2571150438746157 0.28155889580518334 -2.0229817262906455 0.7198821414387211 468 1
0.3064177772475912 3.0 0.2571150438746157 -0.25484397463913516 -2.0725830857791814 0.4032331143463772 469 1
0.3064177772475912 3.0 0.2571150438746157 0.02549774470072541 -2.060874258728047 0.08623240583554104 476 1
0.3064177772475912 3.0 0.2571150438746157 0.5964863099427491 -2.016255837260745 -0.48616507381916496 468 1
0.3064177772475912 3.0 0.2571150438746157 -0.38636917924023173 -2.0748909009719005 -0.41919063439162046 474 1
0.3064177772475912 3.0 0.2571150438746157 0.22862795576009054 -2.0054652055095565 -0.5151194377660528 482 1
0.3064177772475912 3.0 0.2571150438746157 0.5582745337992008 -2.1307090896523753 -0.6715832311405581 486 1
0.3064177772475912 3.0 0.2571150438746157 -0.34460101789059133 -2.1129536255351535 0.2680438732965611 463 1
0.06945927106677217 3.0 0.3939231012048832 0.6358122336680574 -2.0928631459590026 -0.4095759697500581 479 1
0.06945927106677217 3.0 0.3939231012048832 -0.00015800197266235827 -2.082937503055637 0.6224984394901734 470 1
0.06945927106677217 3.0 0.3939231012048832 -0.5671399288325008 -2.0769135406160824 -0.3677051330989264 465 1
0.06945927106677217 3.0 0.3939231012048832 -0.6935257531866632 -2.079909484229997 -0.4168615923412017 490 1
0.06945927106677217 3.0 0.3939231012048832 -0.07000413456917465 -2.075272116327904 0.5335420002245621 479 1
0.06945927106677217 3.0 0.3939231012048832 0.0017341845483951346 -2.071774274820503 -0.28916068139165646 456 1
0.06945927106677217 3.0 0.3939231012048832 0.37497685952059046 -2.095187229127018 0.6854806929003114 498 1
0.06945927106677217 3.0 0.3939231012048832 0.6123540492443798 -2.0372896324474743 -0.10720485302006821 499 1
0.06945927106677217 3.0 0.3939231012048832 0.254958492558905 -2.0353612918752977 -0.6787466531423694 480 1
0.06945927106677217 3.0 0.3939231012048832 -0.43401012664701594 -2.139863718177072 -0.19121101810757757 487 1
-0.19999999999999993 3.0 0.3464101615137755 0.16086578337410873 -2.043364940234226 -0.6218260265050353 489 1
-0.19999999999999993 3.0 0.3464101615137755 0.006073422300092113 -2.0978113012512223 -0.4194684235817976 494 1
-0.19999999999999993 3.0 0.3464101615137755 0.48637450180904684 -2.072418476004452 0.33124608835859615 459 1
-0.19999999999999993 3.0 0.3464101615137755 0.2941603284760095 -2.0464891132098897 -0.16541028474371744 453 1
-0.19999999999999993 3.0 0.3464101615137755 0.07378378096263472 -2.1145419743881546 -0.4476397502108609 494 1
-0.19999999999999993 3.0 0.3464101615137755 0.4140142544914709 -2.0196179562230627 -0.44919967928304766 479 1
-0.19999999999999993 3.0 0.3464101615137755 0.5660242824085797 -2.11078645467065 -0.5701629939531692 499 1
-0.19999999999999993 3.0 0.3464101615137755 -0.4887952641250058 -2.125617704176774 0.32206754903852497 495 1
-0.19999999999999993 3.0 0.3464101615137755 -0.03801022583525471 -2.0739209361345603 -0.5436058813097149 459 1
-0.19999999999999993 3.0 0.3464101615137755 -0.6692353570963233 -2.050226002417094 0.7433826099112333 491 1
-0.37587704831436336 3.0 0.13680805733026755 -0.5373838055046856 -2.133100877334139 0.15037968576924987 470 1
-0.37587704831436336 3.0 0.13680805733026755 0.2616405101080719 -2.036573367304112 -0.21326628113715662 468 1
-0.37587704831436336 3.0 0.13680805733026755 -0.03106472767267532 -2.0004739608833115 0.389816964484915 451 1
-0.37587704831436336 3.0 0.13680805733026755 0.42123406742531677 -2.0875073198517313 -0.7272445844611397 460 1
-0.37587704831436336 3.0 0.13680805733026755 0.41473528829932604 -2.0732422214534476 0.4748550941846428 489 1
-0.37587704831436336 3.0 0.13680805733026755 0.4929088940038482 -2.04868211272431 -0.2797495299832598 485 1
-0.37587704831436336 3.0 0.13680805733026755 0.0820831082472675 -2.015238769050785 -0.25701936648059487 500 1
-0.37587704831436336 3.0 0.13680805733026755 0.5212220880848182 -2.0748477947434094 0.6372455996146296 468 1
-0.37587704831436336 3.0 0.13680805733026755 0.7282661220595841 -2.0105282085924276 -0.13071462672099032 486 1
-0.37587704831436336 3.0 0.13680805733026755 0.526452846420588 -2.1317051391396804 0.34540398412054363 462 1
-0.3758770483143634 3.0 -0.13680805733026746 -0.5826306533723336 -2.09888886380917 0.5003904553399547 457 1
-0.3758770483143634 3.0 -0.13680805733026746 -0.23450839407309476 -2.1256681068188317 -0.09984258553407543 468 1
-0.3758770483143634 3.0 -0.13680805733026746 0.3239799368594276 -2.0619199182711228 0.39724259301421316 451 1
-0.3758770483143634 3.0 -0.13680805733026746 -0.24398010355514144 -2.111508769338676 -0.5431983271164365 482 1
-0.3758770483143634 3.0 -0.13680805733026746 0.4059891549227921 -2.0279000114067127 -0.5481417552586665 461 1
-0.3758770483143634 3.0 -0.13680805733026746 0.3646793829038879 -2.0252668978341792 -0.1525508060610199 452 1
-0.3758770483143634 3.0 -0.13680805733026746 0.5561431580222693 -2.049135713004772 0.4364165339773254 498 1
-0.3758770483143634 3.0 -0.13680805733026746 -0.0905375901747203 -2.000704983886385 0.45933992945562974 474 1
-0.3758770483143634 3.0 -0.13680805733026746 -0.3301616836936965 -2.108608232849776 0.4730521621715442 498 1
-0.3758770483143634 3.0 -0.13680805733026746 -0.7029392887030155 -2.0633599229987953 -0.26648007720827444 486 1
-0.20000000000000018 3.0 -0.3464101615137754 0.2303659018252202 -2.0523914330743733 -0.2334558808050059 457 1
-0.20000000000000018 3.0 -0.3464101615137754 0.03440863795438298 -2.0240430547079478 0.3762813293501579 497 1
-0.20000000000000018 3.0 -0.3464101615137754 -0.623528110819169 -2.0270415288321164 -0.3961524096038145 485 1
-0.20000000000000018 3.0 -0.3464101615137754 0.6095697875876047 -2.053978493415082 -0.14473060597160914 454 1
-0.20000000000000018 3.0 -0.3464101615137754 -0.26410783792184495 -2.0557025416122148 0.5761051434138078 466 1
-0.20000000000000018 3.0 -0.3464101615137754 -0.6446876541059862 -2.01299699118862 0.30994753496986105 457 1
-0.20000000000000018 3.0 -0.3464101615137754 -0.6792444351519524 -2.0178937158234875 -0.518202429280711 475 1
-0.20000000000000018 3.0 -0.3464101615137754 0.5190572004061573 -2.01641529552599 0.3698410152365412 495 1
-0.20000000000000018 3.0 -0.3464101615137754 -0.3383022572226903 -2.1267064759261736 0.5340009084042294 485 1
-0.20000000000000018 3.0 -0.3464101615137754 0.07028362989126391 -2.0030044267526237 -0.08075275975931939 456 1
0.069459271066772 3.0 -0.3939231012048833 -0.4190654724323898 -2.055576513622355 -0.12379423218835717 497 1
0.069459271066772 3.0 -0.3939231012048833 -0.1500915364606964 -2.1128537894160613 -0.44434289535765675 474 1
0.069459271066772 3.0 -0.3939231012048833 0.266273203720395 -2.0215265463684604 -0.3185415089890622 461 1
0.069459271066772 3.0 -0.3939231012048833 0.6805472210385224 -2.0284196351511596 0.5211220014749391 484 1
0.069459271066772 3.0 -0.3939231012048833 -0.7195241635829654 -2.087776618921319 -0.030363115025778598 461 1
0.069459271066772 3.0 -0.3939231012048833 0.3106655004262526 -2.139038110764462 0.5004509117480649 463 1
0.069459271066772 3.0 -0.3939231012048833 0.6880869962708607 -2.122921765645979 -0.7310618944190155 464 1
0.069459271066772 3.0 -0.3939231012048833 0.3216978415955587 -2.0872418968961277 0.02168091595863153 478 1
0.069459271066772 3.0 -0.3939231012048833 0.19706937970409344 -2.044248577965671 -0.2687374097969366 458 1
0.069459271066772 3.0 -0.3939231012048833 -0.3414520275639188 -2.1258215460479892 0.6479108628356014 483 1
0.3064177772475911 3.0 -0.25711504387461587 -0.13148024679796633 -2.075056531470631 0.3188176771724496 482 1
0.3064177772475911 3.0 -0.25711504387461587 -0.7344618857866527 -2.1365892297042266 0.18280567573569895 454 1
0.3064177772475911 3.0 -0.25711504387461587 -0.6862320312266139 -2.0486361914077316 0.586196663093183 500 1
0.3064177772475911 3.0 -0.25711504387461587 -0.6243766702557607 -2.088285075549648 0.520881642944691 493 1
0.3064177772475911 3.0 -0.25711504387461587 -0.01959944065750785 -2.110234769409805 0.6318309839308576 453 1
0.3064177772475911 3.0 -0.25711504387461587 -0.2460722444417427 -2.0282555626307355 0.2752684824737741 496 1
0.3064177772475911 3.0 -0.25711504387461587 -0.39365935808739744 -2.1387365064166226 0.020755846129451583 491 1
0.3064177772475911 3.0 -0.25711504387461587 -0.6085960401168291 -2.0232633129664173 0.33893263201976476 486 1
0.3064177772475911 3.0 -0.25711504387461587 -0.12541054904540605 -2.0084120242283348 0.09241233263385573 495 1
0.3064177772475911 3.0 -0.25711504387461587 0.6884926963184539 -2.106598700642089 0.12254291780837101 500 1
0.6000000000000001 3.0 0.0 -0.07039945121531854 -2.055614683752061 -0.6622553805649911 496 1
0.6000000000000001 3.0 0.0 0.7010211664751502 -2.1010424367512264 -0.1300250176346096 482 1
0.6000000000000001 3.0 0.0 0.43499444751863825 -2.02070843207535 0.6591652729252544 480 1
0.6000000000000001 3.0 0.0 0.6980621209954598 -2.1057397546220944 0.026713573144042657 487 1
0.6000000000000001 3.0 0.0 -0.6253318409799546 -2.048556278110094 0.3724818587620118 485 1
0.6000000000000001 3.0 0.0 0.24183038235630128 -2.0561848229925292 0.3081070402149879 477 1
0.6000000000000001 3.0 0.0 -0.0905759914159443 -2.1056008802234736 0.22564772846164627 481 1
0.6000000000000001 3.0 0.0 -0.7499573294467203 -2.093397068637849 0.16951190526868665 491 1
0.6000000000000001 3.0 0.0 -0.6789012919940205 -2.1319656821459 -0.12856955429983685 454 1
0.6000000000000001 3.0 0.0 -0.7394804497646416 -2.1117765723347963 -0.5652438408184642 458 1
0.4596266658713869 3.0 0.3856725658119236 -0.6124193904549882 -2.10614417166667 -0.05749344010292656 466 1
0.4596266658713869 3.0 0.3856725658119236 0.330464029594451 -2.120851183980567 -0.007680437115178074 483 1
0.4596266658713869 3.0 0.3856725658119236 -0.42531463667309083 -2.0579065334350792 0.2636780187619634 459 1
0.4596266658713869 3.0 0.3856725658119236 -0.19562516906806815 -2.1300134315896075 0.1850315273658234 451 1
0.4596266658713869 3.0 0.3856725658119236 -0.6732822434261135 -2.0467321886690546 -0.13857996371360892 474 1
0.4596266658713869 3.0 0.3856725658119236 -0.2789149430896406 -2.0769112970204198 0.14362138909859956 488 1
0.4596266658713869 3.0 0.3856725658119236 -0.6282623294998657 -2.0115038799468983 -0.09823921727005924 489 1
0.4596266658713869 3.0 0.3856725658119236 0.043338083301888375 -2.0134350858614467 0.4559246825065453 500 1
0.4596266658713869 3.0 0.3856725658119236 0.4383591239560962 -2.0224903249301702 -0.21046663475044525 499 1
0.4596266658713869 3.0 0.3856725658119236 0.5952546143728921 -2.004008559032665 0.06963565150638806 480 1
0.10418890660015827 3.0 0.5908846518073249 0.412159694756 -2.1159100823612955 -0.45979832276833293 484 1
0.10418890660015827 3.0 0.5908846518073249 0.6165752792999928 -2.0302154822407354 -0.6360472205433884 475 1
0.10418890660015827 3.0 0.5908846518073249 -0.3353152395395182 -2.111206718220149 -0.2028762025436337 493 1
0.10418890660015827 3.0 0.5908846518073249 0.48546953044461505 -2.0031106879308003 -0.5840846588749826 496 1
0.10418890660015827 3.0 0.5908846518073249 -0.15243933236329488 -2.1325299146537624 0.6666419769681302 478 1
0.10418890660015827 3.0 0.5908846518073249 0.004929675697387559 -2.0169605814604066 -0.5593910767909303 460 1
0.10418890660015827 3.0 0.5908846518073249 0.7138066962122918 -2.1096972276416155 -0.1606325077088241 453 1
0.10418890660015827 3.0 0.5908846518073249 -0.6325371339202943 -2.0096297317527565 0.3939993495768941 491 1
0.10418890660015827 3.0 0.5908846518073249 -0.43925397782756326 -2.126280440363816 0.2614693675057085 484 1
0.10418890660015827 3.0 0.5908846518073249 -0.535703842656257 -2.0695712754971085 -0.22430788349463404 450 1
-0.29999999999999993 3.0 0.5196152422706632 0.1859613611993649 -2.080782662950255 0.5232380796895941 452 1
-0.29999999999999993 3.0 0.5196152422706632 0.2783340460756254 -2.0175485355229994 0.2169497035216028 452 1
-0.29999999999999993 3.0 0.5196152422706632 0.6122318262056496 -2.0210735396388624 0.22448257593550092 452 1
-0.29999999999999993 3.0 0.5196152422706632 -0.49256491982371986 -2.068092359475753 0.10532847285106683 491 1
-0.29999999999999993 3.0 0.5196152422706632 -0.043771574433828064 -2.123858735952581 -0.11996802383537286 485 1
-0.29999999999999993 3.0 0.5196152422706632 -0.023244101450231147 -2.056810956438378 -0.02012610307031859 452 1
-0.29999999999999993 3.0 0.5196152422706632 0.5090283642326561 -2.036484267923504 0.7491165440387813 468 1
-0.29999999999999993 3.0 0.5196152422706632 -0.6367122761958002 -2.054126041795629 -0.7484843751599284 468 1
-0.29999999999999993 3.0 0.5196152422706632 -0.13367598405059444 -2.1205815533877495 0.3631649101594985 486 1
-0.29999999999999993 3.0 0.5196152422706632 -0.14352693968752894 -2.1363158109283833 -0.21156093301849377 475 1
-0.5638155724715451 3.0 0.20521208599540136 0.7251927889279912 -2.1222069637572467 -0.02026552349666022 474 1
-0.5638155724715451 3.0 0.20521208599540136 0.5380404716912259 -2.062585090529318 0.3996459041863747 458 1
-0.5638155724715451 3.0 0.20521208599540136 0.6928537910756343 -2.030546282058916 -0.03454321145874906 493 1
-0.5638155724715451 3.0 0.20521208599540136 -0.2481480386022239 -2.129908982259866 -0.5813374810506553 467 1
-0.5638155724715451 3.0 0.20521208599540136 0.6200842687513934 -2.1071255005132685 -0.2101071454274709 498 1
-0.5638155724715451 3.0 0.20521208599540136 0.6753142422465701 -2.0284092499492687 0.6288559163990406 498 1
-0.5638155724715451 3.0 0.20521208599540136 -0.4748870411434843 -2.029240541894221 0.5472503418622354 496 1
-0.5638155724715451 3.0 0.20521208599540136 -0.3546232292728758 -2.084579774033482 0.15355662271747483 466 1
-0.5638155724715451 3.0 0.20521208599540136 0.3675230476140847 -2.006781029107674 0.7334543027939375 494 1
-0.5638155724715451 3.0 0.20521208599540136 -0.6007003071652 -2.1126520924989647 -0.7053126916928014 494 1
-0.5638155724715451 3.0 -0.20521208599540122 0.2717448176260946 -2.0478442325053465 0.17686576857161762 460 1
-0.5638155724715451 3.0 -0.20521208599540122 -0.23501129247957997 -2.011602161621803 -0.6785650562639829 492 1
-0.5638155724715451 3.0 -0.20521208599540122 0.020731081519708705 -2.1298823628469936 -0.3658348944594498 457 1
-0.5638155724715451 3.0 -0.20521208599540122 0.29643156457862574 -2.1260246063705215 -0.14706551231952747 476 1
-0.5638155724715451 3.0 -0.20521208599540122 -0.4886717268128558 -2.122168494554029 0.06443221558287293 467 1
-0.5638155724715451 3.0 -0.20521208599540122 -0.52351514241963 -2.1348955253839064 0.3038756645941636 485 1
-0.5638155724715451 3.0 -0.20521208599540122 0.28911854832351014 -2.0809620290077975 0.34074735037599035 466 1
-0.5638155724715451 3.0 -0.20521208599540122 -0.3918600230806316 -2.0137113244139 0.2608655494970671 492 1
-0.5638155724715451 3.0 -0.20521208599540122 -0.29429549261131993 -2.102954276860383 0.6229386555888721 459 1
-0.5638155724715451 3.0 -0.20521208599540122 0.17749878610643455 -2.0445184617876464 0.3362877023080375 475 1
-0.3000000000000003 3.0 -0.5196152422706631 -0.6428788843168682 -2.0086865290528624 -0.6222893336472947 489 1
-0.3000000000000003 3.0 -0.5196152422706631 -0.07792109834717875 -2.009324548901388 0.40315969816021857 477 1
-0.3000000000000003 3.0 -0.5196152422706631 -0.6773888250064751 -2.066846578651268 -0.5399771260735259 486 1
-0.3000000000000003 3.0 -0.5196152422706631 0.46204897785598575 -2.123763618038251 0.38519351384879386 465 1
-0.3000000000000003 3.0 -0.5196152422706631 -0.6291039332668202 -2.0392093726911003 -0.7338185167780943 474 1
-0.3000000000000003 3.0 -0.5196152422706631 -0.15337520931533266 -2.0055004484516226 -0.3608935577427089 453 1
-0.3000000000000003 3.0 -0.5196152422706631 0.14971788905752192 -2.074059452061649 -0.3412632898474489 491 1
-0.3000000000000003 3.0 -0.5196152422706631 -0.1681215813443121 -2.0388884140264474 -0.7102441472527765 485 1
-0.3000000000000003 3.0 -0.5196152422706631 -0.2666344176337068 -2.121679590096329 -0.37808083545181476 475 1
-0.3000000000000003 3.0 -0.5196152422706631 -0.18890408480626375 -2.00504471605948 -0.03204491362280493 500 1
0.104188906600158 3.0 -0.590884651807325 -0.4609574271934245 -2.0849005535335623 -0.09888897909865724 482 1
0.104188906600158 3.0 -0.590884651807325 0.47295939232280415 -2.01555231933579 0.4234169729327195 480 1
0.104188906600158 3.0 -0.590884651807325 -0.6163176698947539 -2.0338315633666544 -0.3276634382599692 477 1
0.104188906600158 3.0 -0.590884651807325 -0.6692421773112298 -2.1329319477324127 -0.13210045441708718 476 1
0.104188906600158 3.0 -0.590884651807325 -0.2053899819040199 -2.0479710370797455 -0.009566428987908049 492 1
0.104188906600158 3.0 -0.590884651807325 0.1811276959317223 -2.0072085891055798 -0.06897690064660011 477 1
0.104188906600158 3.0 -0.590884651807325 -0.4804554558454708 -2.1285367586942883 -0.33515931502791074 461 1
0.104188906600158 3.0 -0.590884651807325 -0.2810733666792279 -2.0580513985122684 0.3790075259942385 488 1
0.104188906600158 3.0 -0.590884651807325 -0.09284417008010593 -2.090696417883778 -0.7430886845761498 477 1
0.104188906600158 3.0 -0.590884651807325 -0.07513412520257923 -2.1304934906876385 -0.036054705046241864 477 1
0.45962666587138673 3.0 -0.38567256581192383 -0.3097636892181709 -2.139438491885109 -0.10959557309495704 478 1
0.45962666587138673 3.0 -0.38567256581192383 0.667745896834858 -2.1370413725206605 -0.05559566355015688 470 1
0.45962666587138673 3.0 -0.38567256581192383 -0.6818993092925789 -2.0249993024998925 -0.6066728221230968 495 1
0.45962666587138673 3.0 -0.38567256581192383 0.16317625184896456 -2.1074486893403854 0.15088947454689672 493 1
0.45962666587138673 3.0 -0.38567256581192383 0.3507452232369155 -2.123788259543936 0.6618670804852527 453 1
0.45962666587138673 3.0 -0.38567256581192383 0.3109884601619617 -2.057350281190042 0.6869891484756201 499 1
0.45962666587138673 3.0 -0.38567256581192383 -0.4651234425904774 -2.013522005051363 0.33212649503448355 451 1
0.45962666587138673 3.0 -0.38567256581192383 -0.15115690404170334 -2.03668630360904 0.32308625131608393 450 1
0.45962666587138673 3.0 -0.38567256581192383 -0.16993974303845572 -2.1051660610637772 0.7401184570980863 459 1
0.45962666587138673 3.0 -0.38567256581192383 0.31449534972796256 -2.13626252505732 -0.7267960845856785 454 1
0.8 3.0 0.0 0.7170140955868312 -2.0781176160166392 0.5820829033180568 489 1
0.8 3.0 0.0 -0.03023100862944106 -2.0100000228998556 0.32494466080676276 463 1
0.8 3.0 0.0 0.6803809868765538 -2.064656813083081 -0.3233644606049968 500 1
0.8 3.0 0.0 -0.40523567987274084 -2.0405638155931594 0.5527243337320344 496 1
0.8 3.0 0.0 -0.3992488367540231 -2.095448424856687 0.7416828538695015 464 1
0.8 3.0 0.0 0.10110629404356386 -2.084230448388733 -0.10216959015075733 481 1
0.8 3.0 0.0 -0.5147331599523797 -2.121529683853663 0.08986598797383305 484 1
0.8 3.0 0.0 -0.5583110989078395 -2.0044292037174554 -0.08803726700563475 473 1
0.8 3.0 0.0 -0.661174989391677 -2.008120417827448 -0.3425290881139754 479 1
0.8 3.0 0.0 0.4276976812771611 -2.0629701910275737 -0.35167913981237897 490 1
0.6128355544951825 3.0 0.5142300877492314 -0.6292163323038411 -2.1272107254782795 0.5127718887042998 462 1
0.6128355544951825 3.0 0.5142300877492314 -0.6333147924059312 -2.078799734348707 -0.21047422101626756 459 1
0.6128355544951825 3.0 0.5142300877492314 0.5314828989654496 -2.1095140558818257 -0.37646478896138 489 1
0.6128355544951825 3.0 0.5142300877492314 -0.49304576829783214 -2.091901874113018 0.22303208496821403 471 1
0.6128355544951825 3.0 0.5142300877492314 0.7105155118411866 -2.0471130386022742 -0.13202349886150944 463 1
0.6128355544951825 3.0 0.5142300877492314 -0.7041500630893714 -2.112604136475899 0.07375518183868301 493 1
0.6128355544951825 3.0 0.5142300877492314 0.2469833087217369 -2.0636438300989584 -0.3488938384490987 491 1
0.6128355544951825 3.0 0.5142300877492314 0.7425354389919308 -2.0602737737185093 0.585788763881745 477 1
0.6128355544951825 3.0 0.5142300877492314 -0.5900434379240344 -2.0944610492955738 -0.5741164816834965 469 1
0.6128355544951825 3.0 0.5142300877492314 0.634723102863636 -2.1348662870287365 -0.27958574696008837 463 1
0.13891854213354435 3.0 0.7878462024097664 -0.07461658916269975 -2.107501457323273 0.5545950345433239 478 1
0.13891854213354435 3.0 0.7878462024097664 0.221325206762518 -2.013939770690492 -0.7366197752576822 495 1
0.13891854213354435 3.0 0.7878462024097664 0.5614259908037313 -2.062143250077711 0.36837497064728764 460 1
0.13891854213354435 3.0 0.7878462024097664 -0.07399484585020466 -2.084103401259208 0.5329834021389843 479 1
0.13891854213354435 3.0 0.7878462024097664 -0.22641132658777774 -2.1279022963334953 0.6842626229833679 464 1
0.13891854213354435 3.0 0.7878462024097664 0.5277265238657676 -2.001216118938572 0.6910031714605558 496 1
0.13891854213354435 3.0 0.7878462024097664 0.4432244433023351 -2.0296494992957452 0.17548444770401472 487 1
0.13891854213354435 3.0 0.7878462024097664 0.47212039167645115 -2.076969476844669 -0.11575969999188529 491 1
0.13891854213354435 3.0 0.7878462024097664 0.38693522138985914 -2.123944885649491 -0.661705818908265 475 1
0.13891854213354435 3.0 0.7878462024097664 0.14717080289285267 -2.1027867361607533 -0.3987061417680537 471 1
-0.39999999999999986 3.0 0.692820323027551 0.14599961905198033 -2.0855520693614924 -0.7485379789457215 485 1
-0.39999999999999986 3.0 0.692820323027551 0.4542679119471442 -2.068288869218478 -0.5132456884835936 456 1
-0.39999999999999986 3.0 0.692820323027551 0.7154886390219615 -2.066291778053077 -0.036563114030883526 477 1
-0.39999999999999986 3.0 0.692820323027551 -0.4624650308645632 -2.0157984972062186 0.058490435016446685 499 1
-0.39999999999999986 3.0 0.692820323027551 -0.03828303764165364 -2.0811589721586268 -0.24565845222885585 495 1
-0.39999999999999986 3.0 0.692820323027551 0.6060292666859182 -2.04302501493978 -0.34061361432452286 477 1
-0.39999999999999986 3.0 0.692820323027551 0.345690506124982 -2.1228146421196312 -0.5068810083502775 500 1
-0.39999999999999986 3.0 0.692820323027551 -0.09421321757452672 -2.0077165989030585 0.05506364514982531 493 1
-0.39999999999999986 3.0 0.692820323027551 0.12798576785835358 -2.0913494645750297 -0.5979210452744992 456 1
-0.39999999999999986 3.0 0.692820323027551 -0.6882645547101253 -2.1259986936633126 -0.4417426606000825 454 1
-0.7517540966287267 3.0 0.2736161146605351 0.014350595250972598 -2.0942915407046847 0.05281312914076386 479 1
-0.7517540966287267 3.0 0.2736161146605351 -0.7358615910499557 -2.0749843082872657 0.7125168063146812 474 1
-0.7517540966287267 3.0 0.2736161146605351 -0.15211072069624965 -2.0371116516563093 -0.5624553996265431 489 1
-0.7517540966287267 3.0 0.2736161146605351 -0.043800642895315156 -2.094551203387811 0.21504344727540303 476 1
-0.7517540966287267 3.0 0.2736161146605351 0.5617302496310492 -2.0551225579104178 -0.10555336522467862 486 1
-0.7517540966287267 3.0 0.2736161146605351 0.562063165513287 -2.025285193695753 0.10985214634295226 457 1
-0.7517540966287267 3.0 0.2736161146605351 0.30730422725468154 -2.097172027531296 0.2687463151585212 477 1
-0.7517540966287267 3.0 0.2736161146605351 0.6443388506202365 -2.0964005410353894 -0.6853395731805092 460 1
-0.7517540966287267 3.0 0.2736161146605351 -0.4094470015921139 -2.1039556408656273 -0.32461432679860636 480 1
-0.7517540966287267 3.0 0.2736161146605351 0.5823318137071123 -2.0006481855969693 0.3395448594117483 471 1
-0.7517540966287268 3.0 -0.2736161146605349 -0.11911609246849708 -2.120628657081241 -0.2065990211010753 500 1
-0.7517540966287268 3.0 -0.2736161146605349 -0.5072690076853978 -2.0575920009660944 -0.497733660783293 457 1
-0.7517540966287268 3.0 -0.2736161146605349 -0.4067514334470612 -2.125434964435733 -0.031504689112007656 450 1
-0.7517540966287268 3.0 -0.2736161146605349 0.06713483733474379 -2.084199903156078 -0.1435955427998563 466 1
-0.7517540966287268 3.0 -0.2736161146605349 0.326681680668234 -2.012232213231281 0.125157856629027 468 1
-0.7517540966287268 3.0 -0.2736161146605349 0.12871346382442317 -2.1117995405836822 0.6906996328833119 486 1
-0.7517540966287268 3.0 -0.2736161146605349 -0.5101541046140956 -2.0241833994836433 0.027359132485923254 453 1
-0.7517540966287268 3.0 -0.2736161146605349 0.6913971105088494 -2.1096029903195745 -0.06590062710793532 488 1
-0.7517540966287268 3.0 -0.2736161146605349 0.14901532676889184 -2.0442817764435857 -0.07754611611780726 492 1
-0.7517540966287268 3.0 -0.2736161146605349 0.4278831210107199 -2.1392969325969515 -0.4015722176327878 466 1
-0.40000000000000036 3.0 -0.6928203230275508 -0.15394966169437685 -2.097798419529291 -0.7007241698490299 477 1
-0.40000000000000036 3.0 -0.6928203230275508 -0.31584725254406326 -2.1234129125425745 -0.24759079243311777 496 1
-0.40000000000000036 3.0 -0.6928203230275508 -0.441498390998677 -2.129808526217479 0.5800576489064762 467 1
-0.40000000000000036 3.0 -0.6928203230275508 -0.7215450071099624 -2.026833774383051 -0.6678533151605881 497 1
-0.40000000000000036 3.0 -0.6928203230275508 -0.3199796424163409 -2.021000012538621 0.6893092476728437 494 1
-0.40000000000000036 3.0 -0.6928203230275508 -0.2739757549746298 -2.1001108654688867 -0.10214978227611382 451 1
-0.40000000000000036 3.0 -0.6928203230275508 0.37441151739589085 -2.1242386463662157 -0.07404809191702766 469 1
-0.40000000000000036 3.0 -0.6928203230275508 -0.1938090187085164 -2.0336483160146486 0.16417523170461623 472 1
-0.40000000000000036 3.0 -0.6928203230275508 0.04933381028779538 -2.042106312339375 -0.6472185004349416 484 1
-0.40000000000000036 3.0 -0.6928203230275508 0.28059493310047 -2.070639744712172 -0.2814887952435115 461 1
0.138918542133544 3.0 -0.7878462024097665 -0.7017868428998397 -2.0602847261522372 -0.30350603530876763 450 1
0.138918542133544 3.0 -0.7878462024097665 0.7314658586359359 -2.047111385595477 0.1940556930566666 450 1
0.138918542133544 3.0 -0.7878462024097665 -0.6151058221624164 -2.0470763695554113 0.06610462355040503 496 1
0.138918542133544 3.0 -0.7878462024097665 -0.6677998704646216 -2.131433917945941 0.12633329925321268 456 1
0.138918542133544 3.0 -0.7878462024097665 0.7469959658283851 -2.117911875841087 -0.5344338763862302 450 1
0.138918542133544 3.0 -0.7878462024097665 -0.6416068081038603 -2.0316896089711265 0.06088269077857866 464 1
0.138918542133544 3.0 -0.7878462024097665 -0.5186738606036284 -2.0807069243028478 0.5409341137149521 466 1
0.138918542133544 3.0 -0.7878462024097665 -0.3619111598268156 -2.1021888335088548 -0.42479586768676625 481 1
0.138918542133544 3.0 -0.7878462024097665 -0.38557471509487967 -2.0047399999289524 0.6724535259133853 475 1
0.138918542133544 3.0 -0.7878462024097665 0.738260355313624 -2.08140222183599 -0.10499707693984184 465 1
0.6128355544951822 3.0 -0.5142300877492317 -0.5393731342650661 -2.013192194530066 -0.7358852644760858 498 1
0.6128355544951822 3.0 -0.5142300877492317 0.7264629990573792 -2.071971053142893 0.016452857135701437 483 1
0.6128355544951822 3.0 -0.5142300877492317 -0.09884076319340551 -2.045661592649411 0.7016553995682786 479 1
0.6128355544951822 3.0 -0.5142300877492317 0.5878444347651659 -2.0152346753782577 -0.27680977787273364 494 1
0.6128355544951822 3.0 -0.5142300877492317 -0.22397055231210816 -2.0659664120683017 0.7014812329588 492 1
0.6128355544951822 3.0 -0.5142300877492317 -0.43794019857868516 -2.0416292917774648 0.5951017298329033 461 1
0.6128355544951822 3.0 -0.5142300877492317 -0.08780218881682789 -2.009170003568986 -0.6366941329798479 491 1
0.6128355544951822 3.0 -0.5142300877492317 -0.35491813215819595 -2.08230952600109 -0.42987722932356187 470 1
0.6128355544951822 3.0 -0.5142300877492317 -0.6902566630452155 -2.083122323385511 -0.19660350330367182 458 1
0.6128355544951822 3.0 -0.5142300877492317 0.11957883743587461 -2.027434253939488 0.10872286428805644 478 1
1.0 3.0 0.0 -0.26835254222978927 -2.0281384434945546 0.10106124665111393 451 1
1.0 3.0 0.0 0.3652713210659635 -2.0049614907636664 0.6789973504403526 500 1
1.0 3.0 0.0 0.30147000782571576 -2.023085552028194 0.368153270827428 458 1
1.0 3.0 0.0 0.0975397224412865 -2.000094302025001 -0.2456567413907833 467 1
1.0 3.0 0.0 -0.4271385153322203 -2.090251940138996 -0.5228115448924076 450 1
1.0 3.0 0.0 -0.5497069231811181 -2.091885275669328 0.04247396697956374 469 1
1.0 3.0 0.0 0.7243432004814774 -2.0077039224573157 0.29138715360526235 466 1
1.0 3.0 0.0 -0.5386619786112423 -2.1256288692813503 -0.05850257238133383 486 1
1.0 3.0 0.0 0.40062174352055013 -2.0700147049976336 -0.145538404835577 464 1
1.0 3.0 0.0 0.0658780087553561 -2.0862096805821455 -0.6572413412278963 494 1
0.766044443118978 3.0 0.6427876096865393 -0.30464236409460077 -2.0754548814204967 -0.023456797738372837 483 1
0.766044443118978 3.0 0.6427876096865393 -0.7361172639758927 -2.094662722921056 -0.6753154436954714 466 1
0.766044443118978 3.0 0.6427876096865393 0.2517833900670081 -2.128131586062221 -0.07970108706480539 474 1
0.766044443118978 3.0 0.6427876096865393 -0.20789728511366823 -2.0310900577956215 0.4133021035245452 485 1
0.766044443118978 3.0 0.6427876096865393 -0.07467065755068114 -2.054600933084785 -0.6703646667001337 453 1
0.766044443118978 3.0 0.6427876096865393 0.46165431123530154 -2.0283220077852273 -0.2616424419726417 473 1
0.766044443118978 3.0 0.6427876096865393 -0.38331708857341507 -2.008880176977303 -0.4032177626693388 451 1
0.766044443118978 3.0 0.6427876096865393 0.33485329941802155 -2.0428248344169364 -0.2616693933579069 464 1
0.766044443118978 3.0 0.6427876096865393 0.6675704355327747 -2.1156900398213665 -0.5192134894997722 479 1
0.766044443118978 3.0 0.6427876096865393 -0.566358569867738 -2.052478473446543 0.24914884962685013 488 1
0.17364817766693041 3.0 0.984807753012208 -0.4196523054748926 -2.0404736055584425 -0.3413712616843848 451 1
0.17364817766693041 3.0 0.984807753012208 -0.30717070104569677 -2.1187723310011557 -0.05617929541190492 476 1
0.17364817766693041 3.0 0.984807753012208 -0.3652554680893299 -2.0496019914044252 -0.2727749323078549 490 1
0.17364817766693041 3.0 0.984807753012208 0.6376012552509058 -2.064669783615757 -0.1749679211156583 473 1
0.17364817766693041 3.0 0.984807753012208 0.2213018237238833 -2.1383212677946783 -0.1532568007667694 460 1
0.17364817766693041 3.0 0.984807753012208 -0.27989970406679887 -2.110818084272657 -0.3566709341504182 479 1
0.17364817766693041 3.0 0.984807753012208 -0.35549733858999627 -2.051073771312077 -0.19156923682843674 499 1
0.17364817766693041 3.0 0.984807753012208 -0.7496279050928761 -2.0517472407507378 -0.33426373857770647 484 1
0.17364817766693041 3.0 0.984807753012208 -0.147366609119989 -2.107945048670111 -0.5241564507928786 469 1
0.17364817766693041 3.0 0.984807753012208 -0.2804022288184689 -2.0451358354335403 -0.4943638236306365 463 1
-0.4999999999999998 3.0 0.8660254037844387 0.546269241462513 -2.0835890451994774 -0.3792497922818813 468 1
-0.4999999999999998 3.0 0.8660254037844387 0.4848801883021707 -2.05716452680584 -0.4701802067561809 457 1
-0.4999999999999998 3.0 0.8660254037844387 -0.14925849912318223 -2.0425241849312727 -0.13366237051873664 473 1
-0.4999999999999998 3.0 0.8660254037844387 -0.10535367916550542 -2.0542225176252122 -0.18259824437934435 463 1
-0.4999999999999998 3.0 0.8660254037844387 0.14536504560184915 -2.0551990303035943 0.526562181133059 456 1
-0.4999999999999998 3.0 0.8660254037844387 -0.6645023224982405 -2.034962014982071 0.6506463348694713 489 1
-0.4999999999999998 3.0 0.8660254037844387 0.44544377732035034 -2.0218909121185273 0.46028211036299416 487 1
-0.4999999999999998 3.0 0.8660254037844387 -0.11991029338196457 -2.010315211972738 0.09763885170725906 483 1
-0.4999999999999998 3.0 0.8660254037844387 -0.6302767481191893 -2.0945681168455286 0.3269551328320497 465 1
-0.4999999999999998 3.0 0.8660254037844387 -0.2691731958735303 -2.1164486678125396 -0.7060999514853908 494 1
-0.9396926207859083 3.0 0.3420201433256689 0.0004931974677468975 -2.0780931985339604 0.5319479607251554 481 1
-0.9396926207859083 3.0 0.3420201433256689 0.061262031543031115 -2.0743390908410637 0.3625997593776813 493 1
-0.9396926207859083 3.0 0.3420201433256689 0.03060306527151546 -2.1050695006684257 -0.5807448478017252 499 1
-0.9396926207859083 3.0 0.3420201433256689 0.11004490022148405 -2.0784429898844223 0.5196048963534392 488 1
-0.9396926207859083 3.0 0.3420201433256689 0.5086113674427144 -2.0571917246021134 0.7437822561813412 461 1
-0.9396926207859083 3.0 0.3420201433256689 -0.42201828852032297 -2.0066048744859084 0.4532964515023621 495 1
-0.9396926207859083 3.0 0.3420201433256689 0.7330810379633395 -2.0778840702018595 -0.5738458178015218 456 1
-0.9396926207859083 3.0 0.3420201433256689 0.21966750143146052 -2.0972625857764773 0.6969569305626864 498 1
-0.9396926207859083 3.0 0.3420201433256689 0.008480189534310734 -2.07587448404205 -0.1947891581403527 450 1
-0.9396926207859083 3.0 0.3420201433256689 -0.042675992847158506 -2.0915722422882945 -0.6859479003732799 484 1
-0.9396926207859084 3.0 -0.34202014332566866 0.4991846997204492 -2.0800569463922196 0.03287514747684939 470 1
-0.9396926207859084 3.0 -0.34202014332566866 -0.08518247722810535 -2.0246534865831656 -0.4088433472358725 468 1
-0.9396926207859084 3.0 -0.34202014332566866 -0.24176523282801066 -2.0493066437201297 0.5073903106110438 478 1
-0.9396926207859084 3.0 -0.34202014332566866 0.6039558388726065 -2.067333764013782 -0.566394071718764 477 1
-0.9396926207859084 3.0 -0.34202014332566866 0.0479445146287556 -2.0900407073270904 0.374672128600396 477 1
-0.9396926207859084 3.0 -0.34202014332566866 -0.1465699990817415 -2.062874905922632 -0.17224703301283706 475 1
-0.9396926207859084 3.0 -0.34202014332566866 -0.38910263824151003 -2.1306656706227898 -0.10230751801732718 490 1
-0.9396926207859084 3.0 -0.34202014332566866 -0.4140166086900718 -2.002888830032386 -0.03048806867844811 489 1
-0.9396926207859084 3.0 -0.34202014332566866 0.21135784094252297 -2.135228114166354 -0.5612801288673535 493 1
-0.9396926207859084 3.0 -0.34202014332566866 0.2582162468068283 -2.086403024201132 0.56533242795398 489 1
-0.5000000000000004 3.0 -0.8660254037844385 -0.27531033343211797 -2.0642533691751788 0.49475143165746127 462 1
-0.5000000000000004 3.0 -0.8660254037844385 0.26747104830874036 -2.023578667747154 -0.5466475050564626 474 1
-0.5000000000000004 3.0 -0.8660254037844385 0.7261667022777809 -2.0945984834961524 0.46738857598440653 482 1
-0.5000000000000004 3.0 -0.8660254037844385 -0.7254983217425534 -2.045721749936957 -0.22377276715768502 451 1
-0.5000000000000004 3.0 -0.8660254037844385 -0.4781792028307129 -2.083820575762397 0.5895106903843956 485 1
-0.5000000000000004 3.0 -0.8660254037844385 -0.6237287426197697 -2.1274889997247857 -0.25263142660525995 476 1
-0.5000000000000004 3.0 -0.8660254037844385 -0.23731795155654611 -2.112915596894035 -0.6954516307478096 485 1
-0.5000000000000004 3.0 -0.8660254037844385 0.13402574921397314 -2.030826476302225 0.2882082985975869 461 1
-0.5000000000000004 3.0 -0.8660254037844385 0.4013577629067788 -2.0894750645278988 -0.5852284724279955 469 1
-0.5000000000000004 3.0 -0.8660254037844385 0.647079977109728 -2.032424375425867 -0.2354984361542668 498 1
0.17364817766692997 3.0 -0.9848077530122081 0.20330048441597692 -2.118748904248118 -0.6956017238191929 493 1
0.17364817766692997 3.0 -0.9848077530122081 0.02629696105907775 -2.1201728768451193 0.42724862068878267 465 1
0.17364817766692997 3.0 -0.9848077530122081 0.16659348799937335 -2.045608913402848 -0.1586006219844176 483 1
0.17364817766692997 3.0 -0.9848077530122081 0.5177917796545919 -2.0251043118381133 0.27504565146355175 484 1
0.17364817766692997 3.0 -0.9848077530122081 -0.32961417335298576 -2.0833071617528875 0.45096226668247197 475 1
0.17364817766692997 3.0 -0.9848077530122081 0.5937151994116838 -2.061129429922292 0.7139057832511451 500 1
0.17364817766692997 3.0 -0.9848077530122081 -0.4554986856637821 -2.0865021140972106 0.43116747291461865 482 1
0.17364817766692997 3.0 -0.9848077530122081 -0.21745988544370531 -2.0926876791440363 0.598874156540087 467 1
0.17364817766692997 3.0 -0.9848077530122081 -0.3655723606357439 -2.085273079110287 -0.6130607767785973 469 1
0.17364817766692997 3.0 -0.9848077530122081 0.6747055607643277 -2.0042973312956924 0.11932437341007218 457 1
0.7660444431189778 3.0 -0.6427876096865396 0.5577985788245261 -2.003356410922298 0.6158534552256523 470 1
0.7660444431189778 3.0 -0.6427876096865396 -0.6266319545836478 -2.013947579221708 0.6260597471301781 460 1
0.7660444431189778 3.0 -0.6427876096865396 0.28108108699423395 -2.067952298096894 0.49204432586486035 499 1
0.7660444431189778 3.0 -0.6427876096865396 0.3193745098544245 -2.0497209936165977 0.40182075221910263 488 1
0.7660444431189778 3.0 -0.6427876096865396 -0.4747201566045 -2.118620979911795 -0.5720813047725486 477 1
0.7660444431189778 3.0 -0.6427876096865396 0.05347728736350221 -2.1119492706653755 0.1508198886398595 463 1
0.7660444431189778 3.0 -0.6427876096865396 -0.5684464382311827 -2.1388938434524034 -0.17627118968804278 469 1
0.7660444431189778 3.0 -0.6427876096865396 0.46901598137511313 -2.1177373501730234 -0.261866435076766 490 1
0.7660444431189778 3.0 -0.6427876096865396 0.33387029679040836 -2.07640952000409 -0.1307787826795741 496 1
0.7660444431189778 3.0 -0.6427876096865396 0.5511311137363442 -2.097863120315966 0.49199205262230516 461 1
